
 
 #Time = 0.0000000000 
-1.003  9.985  0.0  0.0  9.985  0.0  0.0  10.0  0.015  
-1.001  9.995  0.0  0.0  9.995  0.0  0.0  10.0  0.005  
-0.999  10.005  0.0  0.0  10.005  0.0  0.0  10.0  -0.005  
-0.997  10.015  0.0  0.0  10.015  0.0  0.0  10.0  -0.015  
-0.995  10.025  0.0  0.0  10.025  0.0  0.0  10.0  -0.025  
-0.993  10.035  0.0  0.0  10.035  0.0  0.0  10.0  -0.035  
-0.991  10.045  0.0  0.0  10.045  0.0  0.0  10.0  -0.045  
-0.989  10.055  0.0  0.0  10.055  0.0  0.0  10.0  -0.055  
-0.987  10.065  0.0  0.0  10.065  0.0  0.0  10.0  -0.065  
-0.985  10.075  0.0  0.0  10.075  0.0  0.0  10.0  -0.075  
-0.983  10.085  0.0  0.0  10.085  0.0  0.0  10.0  -0.085  
-0.981  10.095  0.0  0.0  10.095  0.0  0.0  10.0  -0.095  
-0.979  10.105  0.0  0.0  10.105  0.0  0.0  10.0  -0.105  
-0.977  10.115  0.0  0.0  10.115  0.0  0.0  10.0  -0.115  
-0.975  10.125  0.0  0.0  10.125  0.0  0.0  10.0  -0.125  
-0.973  10.135  0.0  0.0  10.135  0.0  0.0  10.0  -0.135  
-0.971  10.145  0.0  0.0  10.145  0.0  0.0  10.0  -0.145  
-0.969  10.155  0.0  0.0  10.155  0.0  0.0  10.0  -0.155  
-0.967  10.165  0.0  0.0  10.165  0.0  0.0  10.0  -0.165  
-0.965  10.175  0.0  0.0  10.175  0.0  0.0  10.0  -0.175  
-0.963  10.185  0.0  0.0  10.185  0.0  0.0  10.0  -0.185  
-0.961  10.195  0.0  0.0  10.195  0.0  0.0  10.0  -0.195  
-0.959  10.205  0.0  0.0  10.205  0.0  0.0  10.0  -0.205  
-0.957  10.215  0.0  0.0  10.215  0.0  0.0  10.0  -0.215  
-0.955  10.225  0.0  0.0  10.225  0.0  0.0  10.0  -0.225  
-0.953  10.235  0.0  0.0  10.235  0.0  0.0  10.0  -0.235  
-0.951  10.245  0.0  0.0  10.245  0.0  0.0  10.0  -0.245  
-0.949  10.255  0.0  0.0  10.255  0.0  0.0  10.0  -0.255  
-0.947  10.265  0.0  0.0  10.265  0.0  0.0  10.0  -0.265  
-0.945  10.275  0.0  0.0  10.275  0.0  0.0  10.0  -0.275  
-0.943  10.285  0.0  0.0  10.285  0.0  0.0  10.0  -0.285  
-0.941  10.295  0.0  0.0  10.295  0.0  0.0  10.0  -0.295  
-0.939  10.305  0.0  0.0  10.305  0.0  0.0  10.0  -0.305  
-0.937  10.315  0.0  0.0  10.315  0.0  0.0  10.0  -0.315  
-0.935  10.325  0.0  0.0  10.325  0.0  0.0  10.0  -0.325  
-0.933  10.335  0.0  0.0  10.335  0.0  0.0  10.0  -0.335  
-0.931  10.345  0.0  0.0  10.345  0.0  0.0  10.0  -0.345  
-0.929  10.355  0.0  0.0  10.355  0.0  0.0  10.0  -0.355  
-0.927  10.365  0.0  0.0  10.365  0.0  0.0  10.0  -0.365  
-0.925  10.375  0.0  0.0  10.375  0.0  0.0  10.0  -0.375  
-0.923  10.385  0.0  0.0  10.385  0.0  0.0  10.0  -0.385  
-0.921  10.395  0.0  0.0  10.395  0.0  0.0  10.0  -0.395  
-0.919  10.405  0.0  0.0  10.405  0.0  0.0  10.0  -0.405  
-0.917  10.415  0.0  0.0  10.415  0.0  0.0  10.0  -0.415  
-0.915  10.425  0.0  0.0  10.425  0.0  0.0  10.0  -0.425  
-0.913  10.435  0.0  0.0  10.435  0.0  0.0  10.0  -0.435  
-0.911  10.445  0.0  0.0  10.445  0.0  0.0  10.0  -0.445  
-0.909  10.455  0.0  0.0  10.455  0.0  0.0  10.0  -0.455  
-0.907  10.465  0.0  0.0  10.465  0.0  0.0  10.0  -0.465  
-0.905  10.475  0.0  0.0  10.475  0.0  0.0  10.0  -0.475  
-0.903  10.485  0.0  0.0  10.485  0.0  0.0  10.0  -0.485  
-0.901  10.495  0.0  0.0  10.495  0.0  0.0  10.0  -0.495  
-0.899  10.505  0.0  0.0  10.505  0.0  0.0  10.0  -0.505  
-0.897  10.515  0.0  0.0  10.515  0.0  0.0  10.0  -0.515  
-0.895  10.525  0.0  0.0  10.525  0.0  0.0  10.0  -0.525  
-0.893  10.535  0.0  0.0  10.535  0.0  0.0  10.0  -0.535  
-0.891  10.545  0.0  0.0  10.545  0.0  0.0  10.0  -0.545  
-0.889  10.555  0.0  0.0  10.555  0.0  0.0  10.0  -0.555  
-0.887  10.565  0.0  0.0  10.565  0.0  0.0  10.0  -0.565  
-0.885  10.575  0.0  0.0  10.575  0.0  0.0  10.0  -0.575  
-0.883  10.585  0.0  0.0  10.585  0.0  0.0  10.0  -0.585  
-0.881  10.595  0.0  0.0  10.595  0.0  0.0  10.0  -0.595  
-0.879  10.605  0.0  0.0  10.605  0.0  0.0  10.0  -0.605  
-0.877  10.615  0.0  0.0  10.615  0.0  0.0  10.0  -0.615  
-0.875  10.625  0.0  0.0  10.625  0.0  0.0  10.0  -0.625  
-0.873  10.635  0.0  0.0  10.635  0.0  0.0  10.0  -0.635  
-0.871  10.645  0.0  0.0  10.645  0.0  0.0  10.0  -0.645  
-0.869  10.655  0.0  0.0  10.655  0.0  0.0  10.0  -0.655  
-0.867  10.665  0.0  0.0  10.665  0.0  0.0  10.0  -0.665  
-0.865  10.675  0.0  0.0  10.675  0.0  0.0  10.0  -0.675  
-0.863  10.685  0.0  0.0  10.685  0.0  0.0  10.0  -0.685  
-0.861  10.695  0.0  0.0  10.695  0.0  0.0  10.0  -0.695  
-0.859  10.705  0.0  0.0  10.705  0.0  0.0  10.0  -0.705  
-0.857  10.715  0.0  0.0  10.715  0.0  0.0  10.0  -0.715  
-0.855  10.725  0.0  0.0  10.725  0.0  0.0  10.0  -0.725  
-0.853  10.735  0.0  0.0  10.735  0.0  0.0  10.0  -0.735  
-0.851  10.745  0.0  0.0  10.745  0.0  0.0  10.0  -0.745  
-0.849  10.755  0.0  0.0  10.755  0.0  0.0  10.0  -0.755  
-0.847  10.765  0.0  0.0  10.765  0.0  0.0  10.0  -0.765  
-0.845  10.775  0.0  0.0  10.775  0.0  0.0  10.0  -0.775  
-0.843  10.785  0.0  0.0  10.785  0.0  0.0  10.0  -0.785  
-0.841  10.795  0.0  0.0  10.795  0.0  0.0  10.0  -0.795  
-0.839  10.805  0.0  0.0  10.805  0.0  0.0  10.0  -0.805  
-0.837  10.815  0.0  0.0  10.815  0.0  0.0  10.0  -0.815  
-0.835  10.825  0.0  0.0  10.825  0.0  0.0  10.0  -0.825  
-0.833  10.835  0.0  0.0  10.835  0.0  0.0  10.0  -0.835  
-0.831  10.845  0.0  0.0  10.845  0.0  0.0  10.0  -0.845  
-0.829  10.855  0.0  0.0  10.855  0.0  0.0  10.0  -0.855  
-0.827  10.865  0.0  0.0  10.865  0.0  0.0  10.0  -0.865  
-0.825  10.875  0.0  0.0  10.875  0.0  0.0  10.0  -0.875  
-0.823  10.885  0.0  0.0  10.885  0.0  0.0  10.0  -0.885  
-0.821  10.895  0.0  0.0  10.895  0.0  0.0  10.0  -0.895  
-0.819  10.905  0.0  0.0  10.905  0.0  0.0  10.0  -0.905  
-0.817  10.915  0.0  0.0  10.915  0.0  0.0  10.0  -0.915  
-0.815  10.925  0.0  0.0  10.925  0.0  0.0  10.0  -0.925  
-0.813  10.935  0.0  0.0  10.935  0.0  0.0  10.0  -0.935  
-0.811  10.945  0.0  0.0  10.945  0.0  0.0  10.0  -0.945  
-0.809  10.955  0.0  0.0  10.955  0.0  0.0  10.0  -0.955  
-0.807  10.965  0.0  0.0  10.965  0.0  0.0  10.0  -0.965  
-0.805  10.975  0.0  0.0  10.975  0.0  0.0  10.0  -0.975  
-0.803  10.985  0.0  0.0  10.985  0.0  0.0  10.0  -0.985  
-0.801  10.995  0.0  0.0  10.995  0.0  0.0  10.0  -0.995  
-0.799  11.005  0.0  0.0  11.005  0.0  0.0  10.0  -1.005  
-0.797  11.015  0.0  0.0  11.015  0.0  0.0  10.0  -1.015  
-0.795  11.025  0.0  0.0  11.025  0.0  0.0  10.0  -1.025  
-0.793  11.035  0.0  0.0  11.035  0.0  0.0  10.0  -1.035  
-0.791  11.045  0.0  0.0  11.045  0.0  0.0  10.0  -1.045  
-0.789  11.055  0.0  0.0  11.055  0.0  0.0  10.0  -1.055  
-0.787  11.065  0.0  0.0  11.065  0.0  0.0  10.0  -1.065  
-0.785  11.075  0.0  0.0  11.075  0.0  0.0  10.0  -1.075  
-0.783  11.085  0.0  0.0  11.085  0.0  0.0  10.0  -1.085  
-0.781  11.095  0.0  0.0  11.095  0.0  0.0  10.0  -1.095  
-0.779  11.105  0.0  0.0  11.105  0.0  0.0  10.0  -1.105  
-0.777  11.115  0.0  0.0  11.115  0.0  0.0  10.0  -1.115  
-0.775  11.125  0.0  0.0  11.125  0.0  0.0  10.0  -1.125  
-0.773  11.135  0.0  0.0  11.135  0.0  0.0  10.0  -1.135  
-0.771  11.145  0.0  0.0  11.145  0.0  0.0  10.0  -1.145  
-0.769  11.155  0.0  0.0  11.155  0.0  0.0  10.0  -1.155  
-0.767  11.165  0.0  0.0  11.165  0.0  0.0  10.0  -1.165  
-0.765  11.175  0.0  0.0  11.175  0.0  0.0  10.0  -1.175  
-0.763  11.185  0.0  0.0  11.185  0.0  0.0  10.0  -1.185  
-0.761  11.195  0.0  0.0  11.195  0.0  0.0  10.0  -1.195  
-0.759  11.205  0.0  0.0  11.205  0.0  0.0  10.0  -1.205  
-0.757  11.215  0.0  0.0  11.215  0.0  0.0  10.0  -1.215  
-0.755  11.225  0.0  0.0  11.225  0.0  0.0  10.0  -1.225  
-0.753  11.235  0.0  0.0  11.235  0.0  0.0  10.0  -1.235  
-0.751  11.245  0.0  0.0  11.245  0.0  0.0  10.0  -1.245  
-0.749  11.255  0.0  0.0  11.255  0.0  0.0  10.0  -1.255  
-0.747  11.265  0.0  0.0  11.265  0.0  0.0  10.0  -1.265  
-0.745  11.275  0.0  0.0  11.275  0.0  0.0  10.0  -1.275  
-0.743  11.285  0.0  0.0  11.285  0.0  0.0  10.0  -1.285  
-0.741  11.295  0.0  0.0  11.295  0.0  0.0  10.0  -1.295  
-0.739  11.305  0.0  0.0  11.305  0.0  0.0  10.0  -1.305  
-0.737  11.315  0.0  0.0  11.315  0.0  0.0  10.0  -1.315  
-0.735  11.325  0.0  0.0  11.325  0.0  0.0  10.0  -1.325  
-0.733  11.335  0.0  0.0  11.335  0.0  0.0  10.0  -1.335  
-0.731  11.345  0.0  0.0  11.345  0.0  0.0  10.0  -1.345  
-0.729  11.355  0.0  0.0  11.355  0.0  0.0  10.0  -1.355  
-0.727  11.365  0.0  0.0  11.365  0.0  0.0  10.0  -1.365  
-0.725  11.375  0.0  0.0  11.375  0.0  0.0  10.0  -1.375  
-0.723  11.385  0.0  0.0  11.385  0.0  0.0  10.0  -1.385  
-0.721  11.395  0.0  0.0  11.395  0.0  0.0  10.0  -1.395  
-0.719  11.405  0.0  0.0  11.405  0.0  0.0  10.0  -1.405  
-0.717  11.415  0.0  0.0  11.415  0.0  0.0  10.0  -1.415  
-0.715  11.425  0.0  0.0  11.425  0.0  0.0  10.0  -1.425  
-0.713  11.435  0.0  0.0  11.435  0.0  0.0  10.0  -1.435  
-0.711  11.445  0.0  0.0  11.445  0.0  0.0  10.0  -1.445  
-0.709  11.455  0.0  0.0  11.455  0.0  0.0  10.0  -1.455  
-0.707  11.465  0.0  0.0  11.465  0.0  0.0  10.0  -1.465  
-0.705  11.475  0.0  0.0  11.475  0.0  0.0  10.0  -1.475  
-0.703  11.485  0.0  0.0  11.485  0.0  0.0  10.0  -1.485  
-0.701  11.495  0.0  0.0  11.495  0.0  0.0  10.0  -1.495  
-0.699  11.505  0.0  0.0  11.505  0.0  0.0  10.0  -1.505  
-0.697  11.515  0.0  0.0  11.515  0.0  0.0  10.0  -1.515  
-0.695  11.525  0.0  0.0  11.525  0.0  0.0  10.0  -1.525  
-0.693  11.535  0.0  0.0  11.535  0.0  0.0  10.0  -1.535  
-0.691  11.545  0.0  0.0  11.545  0.0  0.0  10.0  -1.545  
-0.689  11.555  0.0  0.0  11.555  0.0  0.0  10.0  -1.555  
-0.687  11.565  0.0  0.0  11.565  0.0  0.0  10.0  -1.565  
-0.685  11.575  0.0  0.0  11.575  0.0  0.0  10.0  -1.575  
-0.683  11.585  0.0  0.0  11.585  0.0  0.0  10.0  -1.585  
-0.681  11.595  0.0  0.0  11.595  0.0  0.0  10.0  -1.595  
-0.679  11.605  0.0  0.0  11.605  0.0  0.0  10.0  -1.605  
-0.677  11.615  0.0  0.0  11.615  0.0  0.0  10.0  -1.615  
-0.675  11.625  0.0  0.0  11.625  0.0  0.0  10.0  -1.625  
-0.673  11.635  0.0  0.0  11.635  0.0  0.0  10.0  -1.635  
-0.671  11.645  0.0  0.0  11.645  0.0  0.0  10.0  -1.645  
-0.669  11.655  0.0  0.0  11.655  0.0  0.0  10.0  -1.655  
-0.667  11.665  0.0  0.0  11.665  0.0  0.0  10.0  -1.665  
-0.665  11.675  0.0  0.0  11.675  0.0  0.0  10.0  -1.675  
-0.663  11.685  0.0  0.0  11.685  0.0  0.0  10.0  -1.685  
-0.661  11.695  0.0  0.0  11.695  0.0  0.0  10.0  -1.695  
-0.659  11.705  0.0  0.0  11.705  0.0  0.0  10.0  -1.705  
-0.657  11.715  0.0  0.0  11.715  0.0  0.0  10.0  -1.715  
-0.655  11.725  0.0  0.0  11.725  0.0  0.0  10.0  -1.725  
-0.653  11.7350000001  0.0  0.0  11.7350000001  0.0  0.0  10.0000000001  -1.735  
-0.651  11.7450000001  0.0  0.0  11.7450000001  0.0  0.0  10.0000000001  -1.745  
-0.649  11.7550000001  0.0  0.0  11.7550000001  0.0  0.0  10.0000000001  -1.755  
-0.647  11.7650000001  0.0  0.0  11.7650000001  0.0  0.0  10.0000000001  -1.765  
-0.645  11.7750000001  0.0  0.0  11.7750000001  0.0  0.0  10.0000000001  -1.775  
-0.643  11.7850000001  0.0  0.0  11.7850000001  0.0  0.0  10.0000000001  -1.785  
-0.641  11.7950000001  0.0  0.0  11.7950000001  0.0  0.0  10.0000000001  -1.795  
-0.639  11.8050000001  0.0  0.0  11.8050000001  0.0  0.0  10.0000000001  -1.805  
-0.637  11.8150000002  0.0  0.0  11.8150000002  0.0  0.0  10.0000000002  -1.815  
-0.635  11.8250000002  0.0  0.0  11.8250000002  0.0  0.0  10.0000000002  -1.825  
-0.633  11.8350000002  0.0  0.0  11.8350000002  0.0  0.0  10.0000000002  -1.835  
-0.631  11.8450000002  0.0  0.0  11.8450000002  0.0  0.0  10.0000000002  -1.845  
-0.629  11.8550000003  0.0  0.0  11.8550000003  0.0  0.0  10.0000000003  -1.855  
-0.627  11.8650000003  0.0  0.0  11.8650000003  0.0  0.0  10.0000000003  -1.865  
-0.625  11.8750000003  0.0  0.0  11.8750000003  0.0  0.0  10.0000000003  -1.875  
-0.623  11.8850000004  0.0  0.0  11.8850000004  0.0  0.0  10.0000000004  -1.885  
-0.621  11.8950000004  0.0  0.0  11.8950000004  0.0  0.0  10.0000000004  -1.895  
-0.619  11.9050000005  0.0  0.0  11.9050000005  0.0  0.0  10.0000000005  -1.905  
-0.617  11.9150000005  0.0  0.0  11.9150000005  0.0  0.0  10.0000000005  -1.915  
-0.615  11.9250000006  0.0  0.0  11.9250000006  0.0  0.0  10.0000000006  -1.925  
-0.613  11.9350000007  0.0  0.0  11.9350000007  0.0  0.0  10.0000000007  -1.935  
-0.611  11.9450000008  0.0  0.0  11.9450000008  0.0  0.0  10.0000000008  -1.945  
-0.609  11.9550000009  0.0  0.0  11.9550000009  0.0  0.0  10.0000000009  -1.955  
-0.607  11.965000001  0.0  0.0  11.965000001  0.0  0.0  10.000000001  -1.965  
-0.605  11.9750000011  0.0  0.0  11.9750000011  0.0  0.0  10.0000000011  -1.975  
-0.603  11.9850000013  0.0  0.0  11.9850000013  0.0  0.0  10.0000000013  -1.985  
-0.601  11.9950000014  0.0  0.0  11.9950000014  0.0  0.0  10.0000000014  -1.995  
-0.599  12.0050000016  0.0  0.0  12.0050000016  0.0  0.0  10.0000000016  -2.005  
-0.597  12.0150000018  0.0  0.0  12.0150000018  0.0  0.0  10.0000000018  -2.015  
-0.595  12.0250000021  0.0  0.0  12.0250000021  0.0  0.0  10.0000000021  -2.025  
-0.593  12.0350000023  0.0  0.0  12.0350000023  0.0  0.0  10.0000000023  -2.035  
-0.591  12.0450000026  0.0  0.0  12.0450000026  0.0  0.0  10.0000000026  -2.045  
-0.589  12.0550000029  0.0  0.0  12.0550000029  0.0  0.0  10.0000000029  -2.055  
-0.587  12.0650000033  0.0  0.0  12.0650000033  0.0  0.0  10.0000000033  -2.065  
-0.585  12.0750000037  0.0  0.0  12.0750000037  0.0  0.0  10.0000000037  -2.075  
-0.583  12.0850000042  0.0  0.0  12.0850000042  0.0  0.0  10.0000000042  -2.085  
-0.581  12.0950000047  0.0  0.0  12.0950000047  0.0  0.0  10.0000000047  -2.095  
-0.579  12.1050000053  0.0  0.0  12.1050000053  0.0  0.0  10.0000000053  -2.105  
-0.577  12.1150000059  0.0  0.0  12.1150000059  0.0  0.0  10.0000000059  -2.115  
-0.575  12.1250000066  0.0  0.0  12.1250000066  0.0  0.0  10.0000000066  -2.125  
-0.573  12.1350000074  0.0  0.0  12.1350000074  0.0  0.0  10.0000000074  -2.135  
-0.571  12.1450000083  0.0  0.0  12.1450000083  0.0  0.0  10.0000000083  -2.145  
-0.569  12.1550000093  0.0  0.0  12.1550000093  0.0  0.0  10.0000000093  -2.155  
-0.567  12.1650000104  0.0  0.0  12.1650000104  0.0  0.0  10.0000000104  -2.165  
-0.565  12.1750000117  0.0  0.0  12.1750000117  0.0  0.0  10.0000000117  -2.175  
-0.563  12.1850000131  0.0  0.0  12.1850000131  0.0  0.0  10.0000000131  -2.185  
-0.561  12.1950000147  0.0  0.0  12.1950000147  0.0  0.0  10.0000000147  -2.195  
-0.559  12.2050000164  0.0  0.0  12.2050000164  0.0  0.0  10.0000000164  -2.205  
-0.557  12.2150000183  0.0  0.0  12.2150000183  0.0  0.0  10.0000000183  -2.215  
-0.555  12.2250000205  0.0  0.0  12.2250000205  0.0  0.0  10.0000000205  -2.225  
-0.553  12.2350000229  0.0  0.0  12.2350000229  0.0  0.0  10.0000000229  -2.235  
-0.551  12.2450000255  0.0  0.0  12.2450000255  0.0  0.0  10.0000000255  -2.245  
-0.549  12.2550000285  0.0  0.0  12.2550000285  0.0  0.0  10.0000000285  -2.255  
-0.547  12.2650000318  0.0  0.0  12.2650000318  0.0  0.0  10.0000000318  -2.265  
-0.545  12.2750000355  0.0  0.0  12.2750000355  0.0  0.0  10.0000000355  -2.275  
-0.543  12.2850000396  0.0  0.0  12.2850000396  0.0  0.0  10.0000000396  -2.285  
-0.541  12.2950000441  0.0  0.0  12.2950000441  0.0  0.0  10.0000000441  -2.295  
-0.539  12.3050000491  0.0  0.0  12.3050000491  0.0  0.0  10.0000000491  -2.305  
-0.537  12.3150000547  0.0  0.0  12.3150000547  0.0  0.0  10.0000000547  -2.315  
-0.535  12.3250000609  0.0  0.0  12.3250000609  0.0  0.0  10.0000000609  -2.325  
-0.533  12.3350000678  0.0  0.0  12.3350000678  0.0  0.0  10.0000000678  -2.335  
-0.531  12.3450000754  0.0  0.0  12.3450000754  0.0  0.0  10.0000000754  -2.345  
-0.529  12.3550000838  0.0  0.0  12.3550000838  0.0  0.0  10.0000000838  -2.355  
-0.527  12.3650000932  0.0  0.0  12.3650000932  0.0  0.0  10.0000000932  -2.365  
-0.525  12.3750001035  0.0  0.0  12.3750001035  0.0  0.0  10.0000001035  -2.375  
-0.523  12.3850001149  0.0  0.0  12.3850001149  0.0  0.0  10.0000001149  -2.385  
-0.521  12.3950001276  0.0  0.0  12.3950001276  0.0  0.0  10.0000001276  -2.395  
-0.519  12.4050001415  0.0  0.0  12.4050001415  0.0  0.0  10.0000001415  -2.405  
-0.517  12.415000157  0.0  0.0  12.415000157  0.0  0.0  10.000000157  -2.415  
-0.515  12.4250001741  0.0  0.0  12.4250001741  0.0  0.0  10.0000001741  -2.425  
-0.513  12.4350001929  0.0  0.0  12.4350001929  0.0  0.0  10.0000001929  -2.435  
-0.511  12.4450002137  0.0  0.0  12.4450002137  0.0  0.0  10.0000002137  -2.445  
-0.509  12.4550002367  0.0  0.0  12.4550002367  0.0  0.0  10.0000002367  -2.455  
-0.507  12.465000262  0.0  0.0  12.465000262  0.0  0.0  10.000000262  -2.465  
-0.505  12.4750002899  0.0  0.0  12.4750002899  0.0  0.0  10.0000002899  -2.475  
-0.503  12.4850003206  0.0  0.0  12.4850003206  0.0  0.0  10.0000003206  -2.485  
-0.501  12.4950003545  0.0  0.0  12.4950003545  0.0  0.0  10.0000003545  -2.495  
-0.499  12.5050003918  0.0  0.0  12.5050003918  0.0  0.0  10.0000003918  -2.505  
-0.497  12.5150004328  0.0  0.0  12.5150004328  0.0  0.0  10.0000004328  -2.515  
-0.495  12.5250004779  0.0  0.0  12.5250004779  0.0  0.0  10.0000004779  -2.525  
-0.493  12.5350005275  0.0  0.0  12.5350005275  0.0  0.0  10.0000005275  -2.535  
-0.491  12.5450005821  0.0  0.0  12.5450005821  0.0  0.0  10.0000005821  -2.545  
-0.489  12.555000642  0.0  0.0  12.555000642  0.0  0.0  10.000000642  -2.555  
-0.487  12.5650007078  0.0  0.0  12.5650007078  0.0  0.0  10.0000007078  -2.565  
-0.485  12.5750007801  0.0  0.0  12.5750007801  0.0  0.0  10.0000007801  -2.575  
-0.483  12.5850008594  0.0  0.0  12.5850008594  0.0  0.0  10.0000008594  -2.585  
-0.481  12.5950009464  0.0  0.0  12.5950009464  0.0  0.0  10.0000009464  -2.595  
-0.479  12.6050010417  0.0  0.0  12.6050010417  0.0  0.0  10.0000010417  -2.605  
-0.477  12.6150011462  0.0  0.0  12.6150011462  0.0  0.0  10.0000011462  -2.615  
-0.475  12.6250012607  0.0  0.0  12.6250012607  0.0  0.0  10.0000012607  -2.625  
-0.473  12.6350013861  0.0  0.0  12.6350013861  0.0  0.0  10.0000013861  -2.635  
-0.471  12.6450015233  0.0  0.0  12.6450015233  0.0  0.0  10.0000015233  -2.645  
-0.469  12.6550016734  0.0  0.0  12.6550016734  0.0  0.0  10.0000016734  -2.655  
-0.467  12.6650018376  0.0  0.0  12.6650018376  0.0  0.0  10.0000018376  -2.665  
-0.465  12.6750020171  0.0  0.0  12.6750020171  0.0  0.0  10.0000020171  -2.675  
-0.463  12.6850022133  0.0  0.0  12.6850022133  0.0  0.0  10.0000022133  -2.685  
-0.461  12.6950024275  0.0  0.0  12.6950024275  0.0  0.0  10.0000024275  -2.695  
-0.459  12.7050026615  0.0  0.0  12.7050026615  0.0  0.0  10.0000026615  -2.705  
-0.457  12.7150029168  0.0  0.0  12.7150029168  0.0  0.0  10.0000029168  -2.715  
-0.455  12.7250031953  0.0  0.0  12.7250031953  0.0  0.0  10.0000031953  -2.725  
-0.453  12.735003499  0.0  0.0  12.735003499  0.0  0.0  10.000003499  -2.735  
-0.451  12.74500383  0.0  0.0  12.74500383  0.0  0.0  10.00000383  -2.745  
-0.449  12.7550041907  0.0  0.0  12.7550041907  0.0  0.0  10.0000041907  -2.755  
-0.447  12.7650045836  0.0  0.0  12.7650045836  0.0  0.0  10.0000045836  -2.765  
-0.445  12.7750050112  0.0  0.0  12.7750050112  0.0  0.0  10.0000050112  -2.775  
-0.443  12.7850054766  0.0  0.0  12.7850054766  0.0  0.0  10.0000054766  -2.785  
-0.441  12.7950059827  0.0  0.0  12.7950059827  0.0  0.0  10.0000059827  -2.795  
-0.439  12.8050065331  0.0  0.0  12.8050065331  0.0  0.0  10.0000065331  -2.805  
-0.437  12.8150071312  0.0  0.0  12.8150071312  0.0  0.0  10.0000071312  -2.815  
-0.435  12.8250077809  0.0  0.0  12.8250077809  0.0  0.0  10.0000077809  -2.825  
-0.433  12.8350084865  0.0  0.0  12.8350084865  0.0  0.0  10.0000084865  -2.835  
-0.431  12.8450092523  0.0  0.0  12.8450092523  0.0  0.0  10.0000092523  -2.845  
-0.429  12.8550100832  0.0  0.0  12.8550100832  0.0  0.0  10.0000100832  -2.855  
-0.427  12.8650109844  0.0  0.0  12.8650109844  0.0  0.0  10.0000109844  -2.865  
-0.425  12.8750119613  0.0  0.0  12.8750119613  0.0  0.0  10.0000119613  -2.875  
-0.423  12.8850130199  0.0  0.0  12.8850130199  0.0  0.0  10.0000130199  -2.885  
-0.421  12.8950141664  0.0  0.0  12.8950141664  0.0  0.0  10.0000141664  -2.895  
-0.419  12.9050154078  0.0  0.0  12.9050154078  0.0  0.0  10.0000154078  -2.905  
-0.417  12.9150167513  0.0  0.0  12.9150167513  0.0  0.0  10.0000167513  -2.915  
-0.415  12.9250182046  0.0  0.0  12.9250182046  0.0  0.0  10.0000182046  -2.925  
-0.413  12.9350197761  0.0  0.0  12.9350197761  0.0  0.0  10.0000197761  -2.935  
-0.411  12.9450214747  0.0  0.0  12.9450214747  0.0  0.0  10.0000214747  -2.945  
-0.409  12.9550233098  0.0  0.0  12.9550233098  0.0  0.0  10.0000233098  -2.955  
-0.407  12.9650252917  0.0  0.0  12.9650252917  0.0  0.0  10.0000252917  -2.965  
-0.405  12.975027431  0.0  0.0  12.975027431  0.0  0.0  10.000027431  -2.975  
-0.403  12.9850297395  0.0  0.0  12.9850297395  0.0  0.0  10.0000297395  -2.985  
-0.401  12.9950322293  0.0  0.0  12.9950322293  0.0  0.0  10.0000322293  -2.995  
-0.399  13.0050349136  0.0  0.0  13.0050349136  0.0  0.0  10.0000349136  -3.005  
-0.397  13.0150378063  0.0  0.0  13.0150378063  0.0  0.0  10.0000378063  -3.015  
-0.395  13.0250409223  0.0  0.0  13.0250409223  0.0  0.0  10.0000409223  -3.025  
-0.393  13.0350442774  0.0  0.0  13.0350442774  0.0  0.0  10.0000442774  -3.035  
-0.391  13.0450478885  0.0  0.0  13.0450478885  0.0  0.0  10.0000478885  -3.045  
-0.389  13.0550517733  0.0  0.0  13.0550517733  0.0  0.0  10.0000517733  -3.055  
-0.387  13.065055951  0.0  0.0  13.065055951  0.0  0.0  10.000055951  -3.065  
-0.385  13.0750604415  0.0  0.0  13.0750604415  0.0  0.0  10.0000604415  -3.075  
-0.383  13.0850652663  0.0  0.0  13.0850652663  0.0  0.0  10.0000652663  -3.085  
-0.381  13.095070448  0.0  0.0  13.095070448  0.0  0.0  10.000070448  -3.095  
-0.379  13.1050760108  0.0  0.0  13.1050760108  0.0  0.0  10.0000760108  -3.105  
-0.377  13.11508198  0.0  0.0  13.11508198  0.0  0.0  10.00008198  -3.115  
-0.375  13.1250883826  0.0  0.0  13.1250883826  0.0  0.0  10.0000883826  -3.125  
-0.373  13.1350952472  0.0  0.0  13.1350952472  0.0  0.0  10.0000952472  -3.135  
-0.371  13.1451026039  0.0  0.0  13.1451026039  0.0  0.0  10.0001026039  -3.145  
-0.369  13.1551104845  0.0  0.0  13.1551104845  0.0  0.0  10.0001104845  -3.155  
-0.367  13.1651189229  0.0  0.0  13.1651189229  0.0  0.0  10.0001189229  -3.165  
-0.365  13.1751279546  0.0  0.0  13.1751279546  0.0  0.0  10.0001279546  -3.175  
-0.363  13.1851376171  0.0  0.0  13.1851376171  0.0  0.0  10.0001376171  -3.185  
-0.361  13.1951479502  0.0  0.0  13.1951479502  0.0  0.0  10.0001479502  -3.195  
-0.359  13.2051589954  0.0  0.0  13.2051589954  0.0  0.0  10.0001589954  -3.205  
-0.357  13.215170797  0.0  0.0  13.215170797  0.0  0.0  10.000170797  -3.215  
-0.355  13.2251834011  0.0  0.0  13.2251834011  0.0  0.0  10.0001834011  -3.225  
-0.353  13.2351968566  0.0  0.0  13.2351968566  0.0  0.0  10.0001968566  -3.235  
-0.351  13.2452112148  0.0  0.0  13.2452112148  0.0  0.0  10.0002112148  -3.245  
-0.349  13.2552265296  0.0  0.0  13.2552265296  0.0  0.0  10.0002265296  -3.255  
-0.347  13.2652428576  0.0  0.0  13.2652428576  0.0  0.0  10.0002428576  -3.265  
-0.345  13.2752602585  0.0  0.0  13.2752602585  0.0  0.0  10.0002602585  -3.275  
-0.343  13.2852787946  0.0  0.0  13.2852787946  0.0  0.0  10.0002787946  -3.285  
-0.341  13.2952985315  0.0  0.0  13.2952985315  0.0  0.0  10.0002985315  -3.295  
-0.339  13.3053195378  0.0  0.0  13.3053195378  0.0  0.0  10.0003195378  -3.305  
-0.337  13.3153418854  0.0  0.0  13.3153418854  0.0  0.0  10.0003418854  -3.315  
-0.335  13.3253656496  0.0  0.0  13.3253656496  0.0  0.0  10.0003656496  -3.325  
-0.333  13.3353909093  0.0  0.0  13.3353909093  0.0  0.0  10.0003909093  -3.335  
-0.331  13.3454177468  0.0  0.0  13.3454177468  0.0  0.0  10.0004177468  -3.345  
-0.329  13.3554462483  0.0  0.0  13.3554462483  0.0  0.0  10.0004462483  -3.355  
-0.327  13.3654765037  0.0  0.0  13.3654765037  0.0  0.0  10.0004765037  -3.365  
-0.325  13.3755086069  0.0  0.0  13.3755086069  0.0  0.0  10.0005086069  -3.375  
-0.323  13.3855426559  0.0  0.0  13.3855426559  0.0  0.0  10.0005426559  -3.385  
-0.321  13.3955787528  0.0  0.0  13.3955787528  0.0  0.0  10.0005787528  -3.395  
-0.319  13.405617004  0.0  0.0  13.405617004  0.0  0.0  10.000617004  -3.405  
-0.317  13.4156575202  0.0  0.0  13.4156575202  0.0  0.0  10.0006575202  -3.415  
-0.315  13.4257004167  0.0  0.0  13.4257004167  0.0  0.0  10.0007004167  -3.425  
-0.313  13.4357458134  0.0  0.0  13.4357458134  0.0  0.0  10.0007458134  -3.435  
-0.311  13.4457938349  0.0  0.0  13.4457938349  0.0  0.0  10.0007938349  -3.445  
-0.309  13.4558446104  0.0  0.0  13.4558446104  0.0  0.0  10.0008446104  -3.455  
-0.307  13.4658982743  0.0  0.0  13.4658982743  0.0  0.0  10.0008982743  -3.465  
-0.305  13.4759549657  0.0  0.0  13.4759549657  0.0  0.0  10.0009549657  -3.475  
-0.303  13.4860148291  0.0  0.0  13.4860148291  0.0  0.0  10.0010148291  -3.485  
-0.301  13.4960780137  0.0  0.0  13.4960780137  0.0  0.0  10.0010780137  -3.495  
-0.299  13.5061446743  0.0  0.0  13.5061446743  0.0  0.0  10.0011446743  -3.505  
-0.297  13.516214971  0.0  0.0  13.516214971  0.0  0.0  10.001214971  -3.515  
-0.295  13.5262890689  0.0  0.0  13.5262890689  0.0  0.0  10.0012890689  -3.525  
-0.293  13.5363671389  0.0  0.0  13.5363671389  0.0  0.0  10.0013671389  -3.535  
-0.291  13.5464493573  0.0  0.0  13.5464493573  0.0  0.0  10.0014493573  -3.545  
-0.289  13.5565359056  0.0  0.0  13.5565359056  0.0  0.0  10.0015359056  -3.555  
-0.287  13.5666269713  0.0  0.0  13.5666269713  0.0  0.0  10.0016269713  -3.565  
-0.285  13.5767227471  0.0  0.0  13.5767227471  0.0  0.0  10.0017227471  -3.575  
-0.283  13.5868234315  0.0  0.0  13.5868234315  0.0  0.0  10.0018234315  -3.585  
-0.281  13.5969292285  0.0  0.0  13.5969292285  0.0  0.0  10.0019292285  -3.595  
-0.279  13.6070403476  0.0  0.0  13.6070403476  0.0  0.0  10.0020403476  -3.605  
-0.277  13.6171570039  0.0  0.0  13.6171570039  0.0  0.0  10.0021570039  -3.615  
-0.275  13.6272794181  0.0  0.0  13.6272794181  0.0  0.0  10.0022794181  -3.625  
-0.273  13.6374078162  0.0  0.0  13.6374078162  0.0  0.0  10.0024078162  -3.635  
-0.271  13.6475424297  0.0  0.0  13.6475424297  0.0  0.0  10.0025424297  -3.645  
-0.269  13.6576834954  0.0  0.0  13.6576834954  0.0  0.0  10.0026834954  -3.655  
-0.267  13.6678312553  0.0  0.0  13.6678312553  0.0  0.0  10.0028312553  -3.665  
-0.265  13.6779859567  0.0  0.0  13.6779859567  0.0  0.0  10.0029859567  -3.675  
-0.263  13.6881478516  0.0  0.0  13.6881478516  0.0  0.0  10.0031478516  -3.685  
-0.261  13.6983171971  0.0  0.0  13.6983171971  0.0  0.0  10.0033171971  -3.695  
-0.259  13.708494255  0.0  0.0  13.708494255  0.0  0.0  10.003494255  -3.705  
-0.257  13.7186792914  0.0  0.0  13.7186792914  0.0  0.0  10.0036792914  -3.715  
-0.255  13.728872577  0.0  0.0  13.728872577  0.0  0.0  10.003872577  -3.725  
-0.253  13.7390743865  0.0  0.0  13.7390743865  0.0  0.0  10.0040743865  -3.735  
-0.251  13.7492849984  0.0  0.0  13.7492849984  0.0  0.0  10.0042849984  -3.745  
-0.249  13.759504695  0.0  0.0  13.759504695  0.0  0.0  10.004504695  -3.755  
-0.247  13.7697337618  0.0  0.0  13.7697337618  0.0  0.0  10.0047337618  -3.765  
-0.245  13.7799724873  0.0  0.0  13.7799724873  0.0  0.0  10.0049724873  -3.775  
-0.243  13.7902211631  0.0  0.0  13.7902211631  0.0  0.0  10.0052211631  -3.785  
-0.241  13.8004800827  0.0  0.0  13.8004800827  0.0  0.0  10.0054800827  -3.795  
-0.239  13.8107495419  0.0  0.0  13.8107495419  0.0  0.0  10.0057495419  -3.805  
-0.237  13.8210298382  0.0  0.0  13.8210298382  0.0  0.0  10.0060298382  -3.815  
-0.235  13.8313212703  0.0  0.0  13.8313212703  0.0  0.0  10.0063212703  -3.825  
-0.233  13.8416241376  0.0  0.0  13.8416241376  0.0  0.0  10.0066241376  -3.835  
-0.231  13.8519387399  0.0  0.0  13.8519387399  0.0  0.0  10.0069387399  -3.845  
-0.229  13.862265377  0.0  0.0  13.862265377  0.0  0.0  10.007265377  -3.855  
-0.227  13.872604348  0.0  0.0  13.872604348  0.0  0.0  10.007604348  -3.865  
-0.225  13.8829559509  0.0  0.0  13.8829559509  0.0  0.0  10.0079559509  -3.875  
-0.223  13.893320482  0.0  0.0  13.893320482  0.0  0.0  10.008320482  -3.885  
-0.221  13.9036982355  0.0  0.0  13.9036982355  0.0  0.0  10.0086982355  -3.895  
-0.219  13.9140895026  0.0  0.0  13.9140895026  0.0  0.0  10.0090895026  -3.905  
-0.217  13.9244945712  0.0  0.0  13.9244945712  0.0  0.0  10.0094945712  -3.915  
-0.215  13.9349137253  0.0  0.0  13.9349137253  0.0  0.0  10.0099137253  -3.925  
-0.213  13.9453472438  0.0  0.0  13.9453472438  0.0  0.0  10.0103472438  -3.935  
-0.211  13.9557954007  0.0  0.0  13.9557954007  0.0  0.0  10.0107954007  -3.945  
-0.209  13.9662584638  0.0  0.0  13.9662584638  0.0  0.0  10.0112584638  -3.955  
-0.207  13.9767366941  0.0  0.0  13.9767366941  0.0  0.0  10.0117366941  -3.965  
-0.205  13.9872303453  0.0  0.0  13.9872303453  0.0  0.0  10.0122303453  -3.975  
-0.203  13.9977396629  0.0  0.0  13.9977396629  0.0  0.0  10.0127396629  -3.985  
-0.201  14.0082648832  0.0  0.0  14.0082648832  0.0  0.0  10.0132648832  -3.995  
-0.199  14.0188062334  0.0  0.0  14.0188062334  0.0  0.0  10.0138062334  -4.005  
-0.197  14.0293639298  0.0  0.0  14.0293639298  0.0  0.0  10.0143639298  -4.015  
-0.195  14.0399381775  0.0  0.0  14.0399381775  0.0  0.0  10.0149381775  -4.025  
-0.193  14.0505291699  0.0  0.0  14.0505291699  0.0  0.0  10.0155291699  -4.035  
-0.191  14.0611370874  0.0  0.0  14.0611370874  0.0  0.0  10.0161370874  -4.045  
-0.189  14.0717620967  0.0  0.0  14.0717620967  0.0  0.0  10.0167620967  -4.055  
-0.187  14.0824043502  0.0  0.0  14.0824043502  0.0  0.0  10.0174043502  -4.065  
-0.185  14.0930639852  0.0  0.0  14.0930639852  0.0  0.0  10.0180639852  -4.075  
-0.183  14.1037411227  0.0  0.0  14.1037411227  0.0  0.0  10.0187411227  -4.085  
-0.181  14.1144358672  0.0  0.0  14.1144358672  0.0  0.0  10.0194358672  -4.095  
-0.179  14.1251483054  0.0  0.0  14.1251483054  0.0  0.0  10.0201483054  -4.105  
-0.177  14.1358785055  0.0  0.0  14.1358785055  0.0  0.0  10.0208785055  -4.115  
-0.175  14.1466265167  0.0  0.0  14.1466265167  0.0  0.0  10.0216265167  -4.125  
-0.173  14.157392368  0.0  0.0  14.157392368  0.0  0.0  10.022392368  -4.135  
-0.171  14.1681760678  0.0  0.0  14.1681760678  0.0  0.0  10.0231760678  -4.145  
-0.169  14.178977603  0.0  0.0  14.178977603  0.0  0.0  10.023977603  -4.155  
-0.167  14.1897969382  0.0  0.0  14.1897969382  0.0  0.0  10.0247969382  -4.165  
-0.165  14.2006340151  0.0  0.0  14.2006340151  0.0  0.0  10.0256340151  -4.175  
-0.163  14.2114887519  0.0  0.0  14.2114887519  0.0  0.0  10.0264887519  -4.185  
-0.161  14.2223610423  0.0  0.0  14.2223610423  0.0  0.0  10.0273610423  -4.195  
-0.159  14.2332507551  0.0  0.0  14.2332507551  0.0  0.0  10.0282507551  -4.205  
-0.157  14.2441577337  0.0  0.0  14.2441577337  0.0  0.0  10.0291577337  -4.215  
-0.155  14.2550817954  0.0  0.0  14.2550817954  0.0  0.0  10.0300817954  -4.225  
-0.153  14.2660227308  0.0  0.0  14.2660227308  0.0  0.0  10.0310227308  -4.235  
-0.151  14.2769803031  0.0  0.0  14.2769803031  0.0  0.0  10.0319803031  -4.245  
-0.149  14.2879542484  0.0  0.0  14.2879542484  0.0  0.0  10.0329542484  -4.255  
-0.147  14.2989442742  0.0  0.0  14.2989442742  0.0  0.0  10.0339442742  -4.265  
-0.145  14.30995006  0.0  0.0  14.30995006  0.0  0.0  10.03495006  -4.275  
-0.143  14.3209712564  0.0  0.0  14.3209712564  0.0  0.0  10.0359712564  -4.285  
-0.141  14.3320074849  0.0  0.0  14.3320074849  0.0  0.0  10.0370074849  -4.295  
-0.139  14.3430583377  0.0  0.0  14.3430583377  0.0  0.0  10.0380583377  -4.305  
-0.137  14.3541233778  0.0  0.0  14.3541233778  0.0  0.0  10.0391233778  -4.315  
-0.135  14.3652021383  0.0  0.0  14.3652021383  0.0  0.0  10.0402021383  -4.325  
-0.133  14.3762941229  0.0  0.0  14.3762941229  0.0  0.0  10.0412941229  -4.335  
-0.131  14.3873988053  0.0  0.0  14.3873988053  0.0  0.0  10.0423988053  -4.345  
-0.129  14.3985156301  0.0  0.0  14.3985156301  0.0  0.0  10.0435156301  -4.355  
-0.127  14.4096440119  0.0  0.0  14.4096440119  0.0  0.0  10.0446440119  -4.365  
-0.125  14.4207833362  0.0  0.0  14.4207833362  0.0  0.0  10.0457833362  -4.375  
-0.123  14.4319329593  0.0  0.0  14.4319329593  0.0  0.0  10.0469329593  -4.385  
-0.121  14.4430922089  0.0  0.0  14.4430922089  0.0  0.0  10.0480922089  -4.395  
-0.119  14.4542603839  0.0  0.0  14.4542603839  0.0  0.0  10.0492603839  -4.405  
-0.117  14.4654367555  0.0  0.0  14.4654367555  0.0  0.0  10.0504367555  -4.415  
-0.115  14.4766205674  0.0  0.0  14.4766205674  0.0  0.0  10.0516205674  -4.425  
-0.113  14.4878110361  0.0  0.0  14.4878110361  0.0  0.0  10.0528110361  -4.435  
-0.111  14.499007352  0.0  0.0  14.499007352  0.0  0.0  10.054007352  -4.445  
-0.109  14.5102086799  0.0  0.0  14.5102086799  0.0  0.0  10.0552086799  -4.455  
-0.107  14.5214141597  0.0  0.0  14.5214141597  0.0  0.0  10.0564141597  -4.465  
-0.105  14.5326229074  0.0  0.0  14.5326229074  0.0  0.0  10.0576229074  -4.475  
-0.103  14.5438340157  0.0  0.0  14.5438340157  0.0  0.0  10.0588340157  -4.485  
-0.101  14.5550465555  0.0  0.0  14.5550465555  0.0  0.0  10.0600465555  -4.495  
-0.099  14.5662595764  0.0  0.0  14.5662595764  0.0  0.0  10.0612595764  -4.505  
-0.097  14.5774721081  0.0  0.0  14.5774721081  0.0  0.0  10.0624721081  -4.515  
-0.095  14.5886831614  0.0  0.0  14.5886831614  0.0  0.0  10.0636831614  -4.525  
-0.093  14.5998917298  0.0  0.0  14.5998917298  0.0  0.0  10.0648917298  -4.535  
-0.091  14.6110967902  0.0  0.0  14.6110967902  0.0  0.0  10.0660967902  -4.545  
-0.089  14.6222973046  0.0  0.0  14.6222973046  0.0  0.0  10.0672973046  -4.555  
-0.087  14.6334922216  0.0  0.0  14.6334922216  0.0  0.0  10.0684922216  -4.565  
-0.085  14.6446804775  0.0  0.0  14.6446804775  0.0  0.0  10.0696804775  -4.575  
-0.083  14.6558609982  0.0  0.0  14.6558609982  0.0  0.0  10.0708609982  -4.585  
-0.081  14.6670327002  0.0  0.0  14.6670327002  0.0  0.0  10.0720327002  -4.595  
-0.079  14.678194493  0.0  0.0  14.678194493  0.0  0.0  10.073194493  -4.605  
-0.077  14.6893452799  0.0  0.0  14.6893452799  0.0  0.0  10.0743452799  -4.615  
-0.075  14.7004839602  0.0  0.0  14.7004839602  0.0  0.0  10.0754839602  -4.625  
-0.073  14.7116094307  0.0  0.0  14.7116094307  0.0  0.0  10.0766094307  -4.635  
-0.071  14.7227205877  0.0  0.0  14.7227205877  0.0  0.0  10.0777205877  -4.645  
-0.069  14.7338163282  0.0  0.0  14.7338163282  0.0  0.0  10.0788163282  -4.655  
-0.067  14.7448955523  0.0  0.0  14.7448955523  0.0  0.0  10.0798955523  -4.665  
-0.065  14.7559571649  0.0  0.0  14.7559571649  0.0  0.0  10.0809571649  -4.675  
-0.063  14.767000077  0.0  0.0  14.767000077  0.0  0.0  10.082000077  -4.685  
-0.061  14.7780232082  0.0  0.0  14.7780232082  0.0  0.0  10.0830232082  -4.695  
-0.059  14.7890254884  0.0  0.0  14.7890254884  0.0  0.0  10.0840254884  -4.705  
-0.057  14.8000058592  0.0  0.0  14.8000058592  0.0  0.0  10.0850058592  -4.715  
-0.055  14.8109632764  0.0  0.0  14.8109632764  0.0  0.0  10.0859632764  -4.725  
-0.053  14.8218967112  0.0  0.0  14.8218967112  0.0  0.0  10.0868967112  -4.735  
-0.051  14.8328051527  0.0  0.0  14.8328051527  0.0  0.0  10.0878051527  -4.745  
-0.049  14.8436876092  0.0  0.0  14.8436876092  0.0  0.0  10.0886876092  -4.755  
-0.047  14.8545431101  0.0  0.0  14.8545431101  0.0  0.0  10.0895431101  -4.765  
-0.045  14.8653707078  0.0  0.0  14.8653707078  0.0  0.0  10.0903707078  -4.775  
-0.043  14.8761694795  0.0  0.0  14.8761694795  0.0  0.0  10.0911694795  -4.785  
-0.041  14.8869385286  0.0  0.0  14.8869385286  0.0  0.0  10.0919385286  -4.795  
-0.039  14.8976769867  0.0  0.0  14.8976769867  0.0  0.0  10.0926769867  -4.805  
-0.037  14.9083840151  0.0  0.0  14.9083840151  0.0  0.0  10.0933840151  -4.815  
-0.035  14.9190588063  0.0  0.0  14.9190588063  0.0  0.0  10.0940588063  -4.825  
-0.033  14.9297005858  0.0  0.0  14.9297005858  0.0  0.0  10.0947005858  -4.835  
-0.031  14.9403086132  0.0  0.0  14.9403086132  0.0  0.0  10.0953086132  -4.845  
-0.029  14.9508821838  0.0  0.0  14.9508821838  0.0  0.0  10.0958821838  -4.855  
-0.027  14.9614206303  0.0  0.0  14.9614206303  0.0  0.0  10.0964206303  -4.865  
-0.025  14.9719233234  0.0  0.0  14.9719233234  0.0  0.0  10.0969233234  -4.875  
-0.023  14.9823896737  0.0  0.0  14.9823896737  0.0  0.0  10.0973896737  -4.885  
-0.021  14.9928191324  0.0  0.0  14.9928191324  0.0  0.0  10.0978191324  -4.895  
-0.019  15.0032111926  0.0  0.0  15.0032111926  0.0  0.0  10.0982111926  -4.905  
-0.017  15.01356539  0.0  0.0  15.01356539  0.0  0.0  10.09856539  -4.915  
-0.015  15.0238813045  0.0  0.0  15.0238813045  0.0  0.0  10.0988813045  -4.925  
-0.013  15.0341585601  0.0  0.0  15.0341585601  0.0  0.0  10.0991585601  -4.935  
-0.011  15.0443968264  0.0  0.0  15.0443968264  0.0  0.0  10.0993968264  -4.945  
-0.009  15.054595819  0.0  0.0  15.054595819  0.0  0.0  10.099595819  -4.955  
-0.007  15.0647552999  0.0  0.0  15.0647552999  0.0  0.0  10.0997552999  -4.965  
-0.005  15.0748750781  0.0  0.0  15.0748750781  0.0  0.0  10.0998750781  -4.975  
-0.003  15.0849550101  0.0  0.0  15.0849550101  0.0  0.0  10.0999550101  -4.985  
-0.001  15.0949950001  0.0  0.0  15.0949950001  0.0  0.0  10.0999950001  -4.995  
0.001  15.1049950001  0.0  0.0  15.1049950001  0.0  0.0  10.0999950001  -5.005  
0.003  15.1149550101  0.0  0.0  15.1149550101  0.0  0.0  10.0999550101  -5.015  
0.005  15.1248750781  0.0  0.0  15.1248750781  0.0  0.0  10.0998750781  -5.025  
0.007  15.1347552999  0.0  0.0  15.1347552999  0.0  0.0  10.0997552999  -5.035  
0.009  15.144595819  0.0  0.0  15.144595819  0.0  0.0  10.099595819  -5.045  
0.011  15.1543968264  0.0  0.0  15.1543968264  0.0  0.0  10.0993968264  -5.055  
0.013  15.1641585601  0.0  0.0  15.1641585601  0.0  0.0  10.0991585601  -5.065  
0.015  15.1738813045  0.0  0.0  15.1738813045  0.0  0.0  10.0988813045  -5.075  
0.017  15.18356539  0.0  0.0  15.18356539  0.0  0.0  10.09856539  -5.085  
0.019  15.1932111926  0.0  0.0  15.1932111926  0.0  0.0  10.0982111926  -5.095  
0.021  15.2028191324  0.0  0.0  15.2028191324  0.0  0.0  10.0978191324  -5.105  
0.023  15.2123896737  0.0  0.0  15.2123896737  0.0  0.0  10.0973896737  -5.115  
0.025  15.2219233234  0.0  0.0  15.2219233234  0.0  0.0  10.0969233234  -5.125  
0.027  15.2314206303  0.0  0.0  15.2314206303  0.0  0.0  10.0964206303  -5.135  
0.029  15.2408821838  0.0  0.0  15.2408821838  0.0  0.0  10.0958821838  -5.145  
0.031  15.2503086132  0.0  0.0  15.2503086132  0.0  0.0  10.0953086132  -5.155  
0.033  15.2597005858  0.0  0.0  15.2597005858  0.0  0.0  10.0947005858  -5.165  
0.035  15.2690588063  0.0  0.0  15.2690588063  0.0  0.0  10.0940588063  -5.175  
0.037  15.2783840151  0.0  0.0  15.2783840151  0.0  0.0  10.0933840151  -5.185  
0.039  15.2876769867  0.0  0.0  15.2876769867  0.0  0.0  10.0926769867  -5.195  
0.041  15.2969385286  0.0  0.0  15.2969385286  0.0  0.0  10.0919385286  -5.205  
0.043  15.3061694795  0.0  0.0  15.3061694795  0.0  0.0  10.0911694795  -5.215  
0.045  15.3153707078  0.0  0.0  15.3153707078  0.0  0.0  10.0903707078  -5.225  
0.047  15.3245431101  0.0  0.0  15.3245431101  0.0  0.0  10.0895431101  -5.235  
0.049  15.3336876092  0.0  0.0  15.3336876092  0.0  0.0  10.0886876092  -5.245  
0.051  15.3428051527  0.0  0.0  15.3428051527  0.0  0.0  10.0878051527  -5.255  
0.053  15.3518967112  0.0  0.0  15.3518967112  0.0  0.0  10.0868967112  -5.265  
0.055  15.3609632764  0.0  0.0  15.3609632764  0.0  0.0  10.0859632764  -5.275  
0.057  15.3700058592  0.0  0.0  15.3700058592  0.0  0.0  10.0850058592  -5.285  
0.059  15.3790254884  0.0  0.0  15.3790254884  0.0  0.0  10.0840254884  -5.295  
0.061  15.3880232082  0.0  0.0  15.3880232082  0.0  0.0  10.0830232082  -5.305  
0.063  15.397000077  0.0  0.0  15.397000077  0.0  0.0  10.082000077  -5.315  
0.065  15.4059571649  0.0  0.0  15.4059571649  0.0  0.0  10.0809571649  -5.325  
0.067  15.4148955523  0.0  0.0  15.4148955523  0.0  0.0  10.0798955523  -5.335  
0.069  15.4238163282  0.0  0.0  15.4238163282  0.0  0.0  10.0788163282  -5.345  
0.071  15.4327205877  0.0  0.0  15.4327205877  0.0  0.0  10.0777205877  -5.355  
0.073  15.4416094307  0.0  0.0  15.4416094307  0.0  0.0  10.0766094307  -5.365  
0.075  15.4504839602  0.0  0.0  15.4504839602  0.0  0.0  10.0754839602  -5.375  
0.077  15.4593452799  0.0  0.0  15.4593452799  0.0  0.0  10.0743452799  -5.385  
0.079  15.468194493  0.0  0.0  15.468194493  0.0  0.0  10.073194493  -5.395  
0.081  15.4770327002  0.0  0.0  15.4770327002  0.0  0.0  10.0720327002  -5.405  
0.083  15.4858609982  0.0  0.0  15.4858609982  0.0  0.0  10.0708609982  -5.415  
0.085  15.4946804775  0.0  0.0  15.4946804775  0.0  0.0  10.0696804775  -5.425  
0.087  15.5034922216  0.0  0.0  15.5034922216  0.0  0.0  10.0684922216  -5.435  
0.089  15.5122973046  0.0  0.0  15.5122973046  0.0  0.0  10.0672973046  -5.445  
0.091  15.5210967902  0.0  0.0  15.5210967902  0.0  0.0  10.0660967902  -5.455  
0.093  15.5298917298  0.0  0.0  15.5298917298  0.0  0.0  10.0648917298  -5.465  
0.095  15.5386831614  0.0  0.0  15.5386831614  0.0  0.0  10.0636831614  -5.475  
0.097  15.5474721081  0.0  0.0  15.5474721081  0.0  0.0  10.0624721081  -5.485  
0.099  15.5562595764  0.0  0.0  15.5562595764  0.0  0.0  10.0612595764  -5.495  
0.101  15.5650465555  0.0  0.0  15.5650465555  0.0  0.0  10.0600465555  -5.505  
0.103  15.5738340157  0.0  0.0  15.5738340157  0.0  0.0  10.0588340157  -5.515  
0.105  15.5826229074  0.0  0.0  15.5826229074  0.0  0.0  10.0576229074  -5.525  
0.107  15.5914141597  0.0  0.0  15.5914141597  0.0  0.0  10.0564141597  -5.535  
0.109  15.6002086799  0.0  0.0  15.6002086799  0.0  0.0  10.0552086799  -5.545  
0.111  15.609007352  0.0  0.0  15.609007352  0.0  0.0  10.054007352  -5.555  
0.113  15.6178110361  0.0  0.0  15.6178110361  0.0  0.0  10.0528110361  -5.565  
0.115  15.6266205674  0.0  0.0  15.6266205674  0.0  0.0  10.0516205674  -5.575  
0.117  15.6354367555  0.0  0.0  15.6354367555  0.0  0.0  10.0504367555  -5.585  
0.119  15.6442603839  0.0  0.0  15.6442603839  0.0  0.0  10.0492603839  -5.595  
0.121  15.6530922089  0.0  0.0  15.6530922089  0.0  0.0  10.0480922089  -5.605  
0.123  15.6619329593  0.0  0.0  15.6619329593  0.0  0.0  10.0469329593  -5.615  
0.125  15.6707833362  0.0  0.0  15.6707833362  0.0  0.0  10.0457833362  -5.625  
0.127  15.6796440119  0.0  0.0  15.6796440119  0.0  0.0  10.0446440119  -5.635  
0.129  15.6885156301  0.0  0.0  15.6885156301  0.0  0.0  10.0435156301  -5.645  
0.131  15.6973988053  0.0  0.0  15.6973988053  0.0  0.0  10.0423988053  -5.655  
0.133  15.7062941229  0.0  0.0  15.7062941229  0.0  0.0  10.0412941229  -5.665  
0.135  15.7152021383  0.0  0.0  15.7152021383  0.0  0.0  10.0402021383  -5.675  
0.137  15.7241233778  0.0  0.0  15.7241233778  0.0  0.0  10.0391233778  -5.685  
0.139  15.7330583377  0.0  0.0  15.7330583377  0.0  0.0  10.0380583377  -5.695  
0.141  15.7420074849  0.0  0.0  15.7420074849  0.0  0.0  10.0370074849  -5.705  
0.143  15.7509712564  0.0  0.0  15.7509712564  0.0  0.0  10.0359712564  -5.715  
0.145  15.75995006  0.0  0.0  15.75995006  0.0  0.0  10.03495006  -5.725  
0.147  15.7689442742  0.0  0.0  15.7689442742  0.0  0.0  10.0339442742  -5.735  
0.149  15.7779542484  0.0  0.0  15.7779542484  0.0  0.0  10.0329542484  -5.745  
0.151  15.7869803031  0.0  0.0  15.7869803031  0.0  0.0  10.0319803031  -5.755  
0.153  15.7960227308  0.0  0.0  15.7960227308  0.0  0.0  10.0310227308  -5.765  
0.155  15.8050817954  0.0  0.0  15.8050817954  0.0  0.0  10.0300817954  -5.775  
0.157  15.8141577337  0.0  0.0  15.8141577337  0.0  0.0  10.0291577337  -5.785  
0.159  15.8232507551  0.0  0.0  15.8232507551  0.0  0.0  10.0282507551  -5.795  
0.161  15.8323610423  0.0  0.0  15.8323610423  0.0  0.0  10.0273610423  -5.805  
0.163  15.8414887519  0.0  0.0  15.8414887519  0.0  0.0  10.0264887519  -5.815  
0.165  15.8506340151  0.0  0.0  15.8506340151  0.0  0.0  10.0256340151  -5.825  
0.167  15.8597969382  0.0  0.0  15.8597969382  0.0  0.0  10.0247969382  -5.835  
0.169  15.868977603  0.0  0.0  15.868977603  0.0  0.0  10.023977603  -5.845  
0.171  15.8781760678  0.0  0.0  15.8781760678  0.0  0.0  10.0231760678  -5.855  
0.173  15.887392368  0.0  0.0  15.887392368  0.0  0.0  10.022392368  -5.865  
0.175  15.8966265167  0.0  0.0  15.8966265167  0.0  0.0  10.0216265167  -5.875  
0.177  15.9058785055  0.0  0.0  15.9058785055  0.0  0.0  10.0208785055  -5.885  
0.179  15.9151483054  0.0  0.0  15.9151483054  0.0  0.0  10.0201483054  -5.895  
0.181  15.9244358672  0.0  0.0  15.9244358672  0.0  0.0  10.0194358672  -5.905  
0.183  15.9337411227  0.0  0.0  15.9337411227  0.0  0.0  10.0187411227  -5.915  
0.185  15.9430639852  0.0  0.0  15.9430639852  0.0  0.0  10.0180639852  -5.925  
0.187  15.9524043502  0.0  0.0  15.9524043502  0.0  0.0  10.0174043502  -5.935  
0.189  15.9617620967  0.0  0.0  15.9617620967  0.0  0.0  10.0167620967  -5.945  
0.191  15.9711370874  0.0  0.0  15.9711370874  0.0  0.0  10.0161370874  -5.955  
0.193  15.9805291699  0.0  0.0  15.9805291699  0.0  0.0  10.0155291699  -5.965  
0.195  15.9899381775  0.0  0.0  15.9899381775  0.0  0.0  10.0149381775  -5.975  
0.197  15.9993639298  0.0  0.0  15.9993639298  0.0  0.0  10.0143639298  -5.985  
0.199  16.0088062334  0.0  0.0  16.0088062334  0.0  0.0  10.0138062334  -5.995  
0.201  16.0182648832  0.0  0.0  16.0182648832  0.0  0.0  10.0132648832  -6.005  
0.203  16.0277396629  0.0  0.0  16.0277396629  0.0  0.0  10.0127396629  -6.015  
0.205  16.0372303453  0.0  0.0  16.0372303453  0.0  0.0  10.0122303453  -6.025  
0.207  16.0467366941  0.0  0.0  16.0467366941  0.0  0.0  10.0117366941  -6.035  
0.209  16.0562584638  0.0  0.0  16.0562584638  0.0  0.0  10.0112584638  -6.045  
0.211  16.0657954007  0.0  0.0  16.0657954007  0.0  0.0  10.0107954007  -6.055  
0.213  16.0753472438  0.0  0.0  16.0753472438  0.0  0.0  10.0103472438  -6.065  
0.215  16.0849137253  0.0  0.0  16.0849137253  0.0  0.0  10.0099137253  -6.075  
0.217  16.0944945712  0.0  0.0  16.0944945712  0.0  0.0  10.0094945712  -6.085  
0.219  16.1040895026  0.0  0.0  16.1040895026  0.0  0.0  10.0090895026  -6.095  
0.221  16.1136982355  0.0  0.0  16.1136982355  0.0  0.0  10.0086982355  -6.105  
0.223  16.123320482  0.0  0.0  16.123320482  0.0  0.0  10.008320482  -6.115  
0.225  16.1329559509  0.0  0.0  16.1329559509  0.0  0.0  10.0079559509  -6.125  
0.227  16.142604348  0.0  0.0  16.142604348  0.0  0.0  10.007604348  -6.135  
0.229  16.152265377  0.0  0.0  16.152265377  0.0  0.0  10.007265377  -6.145  
0.231  16.1619387399  0.0  0.0  16.1619387399  0.0  0.0  10.0069387399  -6.155  
0.233  16.1716241376  0.0  0.0  16.1716241376  0.0  0.0  10.0066241376  -6.165  
0.235  16.1813212703  0.0  0.0  16.1813212703  0.0  0.0  10.0063212703  -6.175  
0.237  16.1910298382  0.0  0.0  16.1910298382  0.0  0.0  10.0060298382  -6.185  
0.239  16.2007495419  0.0  0.0  16.2007495419  0.0  0.0  10.0057495419  -6.195  
0.241  16.2104800827  0.0  0.0  16.2104800827  0.0  0.0  10.0054800827  -6.205  
0.243  16.2202211631  0.0  0.0  16.2202211631  0.0  0.0  10.0052211631  -6.215  
0.245  16.2299724873  0.0  0.0  16.2299724873  0.0  0.0  10.0049724873  -6.225  
0.247  16.2397337618  0.0  0.0  16.2397337618  0.0  0.0  10.0047337618  -6.235  
0.249  16.249504695  0.0  0.0  16.249504695  0.0  0.0  10.004504695  -6.245  
0.251  16.2592849984  0.0  0.0  16.2592849984  0.0  0.0  10.0042849984  -6.255  
0.253  16.2690743865  0.0  0.0  16.2690743865  0.0  0.0  10.0040743865  -6.265  
0.255  16.278872577  0.0  0.0  16.278872577  0.0  0.0  10.003872577  -6.275  
0.257  16.2886792914  0.0  0.0  16.2886792914  0.0  0.0  10.0036792914  -6.285  
0.259  16.298494255  0.0  0.0  16.298494255  0.0  0.0  10.003494255  -6.295  
0.261  16.3083171971  0.0  0.0  16.3083171971  0.0  0.0  10.0033171971  -6.305  
0.263  16.3181478516  0.0  0.0  16.3181478516  0.0  0.0  10.0031478516  -6.315  
0.265  16.3279859567  0.0  0.0  16.3279859567  0.0  0.0  10.0029859567  -6.325  
0.267  16.3378312553  0.0  0.0  16.3378312553  0.0  0.0  10.0028312553  -6.335  
0.269  16.3476834954  0.0  0.0  16.3476834954  0.0  0.0  10.0026834954  -6.345  
0.271  16.3575424297  0.0  0.0  16.3575424297  0.0  0.0  10.0025424297  -6.355  
0.273  16.3674078162  0.0  0.0  16.3674078162  0.0  0.0  10.0024078162  -6.365  
0.275  16.3772794181  0.0  0.0  16.3772794181  0.0  0.0  10.0022794181  -6.375  
0.277  16.3871570039  0.0  0.0  16.3871570039  0.0  0.0  10.0021570039  -6.385  
0.279  16.3970403476  0.0  0.0  16.3970403476  0.0  0.0  10.0020403476  -6.395  
0.281  16.4069292285  0.0  0.0  16.4069292285  0.0  0.0  10.0019292285  -6.405  
0.283  16.4168234315  0.0  0.0  16.4168234315  0.0  0.0  10.0018234315  -6.415  
0.285  16.4267227471  0.0  0.0  16.4267227471  0.0  0.0  10.0017227471  -6.425  
0.287  16.4366269713  0.0  0.0  16.4366269713  0.0  0.0  10.0016269713  -6.435  
0.289  16.4465359056  0.0  0.0  16.4465359056  0.0  0.0  10.0015359056  -6.445  
0.291  16.4564493573  0.0  0.0  16.4564493573  0.0  0.0  10.0014493573  -6.455  
0.293  16.4663671389  0.0  0.0  16.4663671389  0.0  0.0  10.0013671389  -6.465  
0.295  16.4762890689  0.0  0.0  16.4762890689  0.0  0.0  10.0012890689  -6.475  
0.297  16.486214971  0.0  0.0  16.486214971  0.0  0.0  10.001214971  -6.485  
0.299  16.4961446743  0.0  0.0  16.4961446743  0.0  0.0  10.0011446743  -6.495  
0.301  16.5060780137  0.0  0.0  16.5060780137  0.0  0.0  10.0010780137  -6.505  
0.303  16.5160148291  0.0  0.0  16.5160148291  0.0  0.0  10.0010148291  -6.515  
0.305  16.5259549657  0.0  0.0  16.5259549657  0.0  0.0  10.0009549657  -6.525  
0.307  16.5358982743  0.0  0.0  16.5358982743  0.0  0.0  10.0008982743  -6.535  
0.309  16.5458446104  0.0  0.0  16.5458446104  0.0  0.0  10.0008446104  -6.545  
0.311  16.5557938349  0.0  0.0  16.5557938349  0.0  0.0  10.0007938349  -6.555  
0.313  16.5657458134  0.0  0.0  16.5657458134  0.0  0.0  10.0007458134  -6.565  
0.315  16.5757004167  0.0  0.0  16.5757004167  0.0  0.0  10.0007004167  -6.575  
0.317  16.5856575202  0.0  0.0  16.5856575202  0.0  0.0  10.0006575202  -6.585  
0.319  16.595617004  0.0  0.0  16.595617004  0.0  0.0  10.000617004  -6.595  
0.321  16.6055787528  0.0  0.0  16.6055787528  0.0  0.0  10.0005787528  -6.605  
0.323  16.6155426559  0.0  0.0  16.6155426559  0.0  0.0  10.0005426559  -6.615  
0.325  16.6255086069  0.0  0.0  16.6255086069  0.0  0.0  10.0005086069  -6.625  
0.327  16.6354765037  0.0  0.0  16.6354765037  0.0  0.0  10.0004765037  -6.635  
0.329  16.6454462483  0.0  0.0  16.6454462483  0.0  0.0  10.0004462483  -6.645  
0.331  16.6554177468  0.0  0.0  16.6554177468  0.0  0.0  10.0004177468  -6.655  
0.333  16.6653909093  0.0  0.0  16.6653909093  0.0  0.0  10.0003909093  -6.665  
0.335  16.6753656496  0.0  0.0  16.6753656496  0.0  0.0  10.0003656496  -6.675  
0.337  16.6853418854  0.0  0.0  16.6853418854  0.0  0.0  10.0003418854  -6.685  
0.339  16.6953195378  0.0  0.0  16.6953195378  0.0  0.0  10.0003195378  -6.695  
0.341  16.7052985315  0.0  0.0  16.7052985315  0.0  0.0  10.0002985315  -6.705  
0.343  16.7152787946  0.0  0.0  16.7152787946  0.0  0.0  10.0002787946  -6.715  
0.345  16.7252602585  0.0  0.0  16.7252602585  0.0  0.0  10.0002602585  -6.725  
0.347  16.7352428576  0.0  0.0  16.7352428576  0.0  0.0  10.0002428576  -6.735  
0.349  16.7452265296  0.0  0.0  16.7452265296  0.0  0.0  10.0002265296  -6.745  
0.351  16.7552112148  0.0  0.0  16.7552112148  0.0  0.0  10.0002112148  -6.755  
0.353  16.7651968566  0.0  0.0  16.7651968566  0.0  0.0  10.0001968566  -6.765  
0.355  16.7751834011  0.0  0.0  16.7751834011  0.0  0.0  10.0001834011  -6.775  
0.357  16.785170797  0.0  0.0  16.785170797  0.0  0.0  10.000170797  -6.785  
0.359  16.7951589954  0.0  0.0  16.7951589954  0.0  0.0  10.0001589954  -6.795  
0.361  16.8051479502  0.0  0.0  16.8051479502  0.0  0.0  10.0001479502  -6.805  
0.363  16.8151376171  0.0  0.0  16.8151376171  0.0  0.0  10.0001376171  -6.815  
0.365  16.8251279546  0.0  0.0  16.8251279546  0.0  0.0  10.0001279546  -6.825  
0.367  16.8351189229  0.0  0.0  16.8351189229  0.0  0.0  10.0001189229  -6.835  
0.369  16.8451104845  0.0  0.0  16.8451104845  0.0  0.0  10.0001104845  -6.845  
0.371  16.8551026039  0.0  0.0  16.8551026039  0.0  0.0  10.0001026039  -6.855  
0.373  16.8650952472  0.0  0.0  16.8650952472  0.0  0.0  10.0000952472  -6.865  
0.375  16.8750883826  0.0  0.0  16.8750883826  0.0  0.0  10.0000883826  -6.875  
0.377  16.88508198  0.0  0.0  16.88508198  0.0  0.0  10.00008198  -6.885  
0.379  16.8950760108  0.0  0.0  16.8950760108  0.0  0.0  10.0000760108  -6.895  
0.381  16.905070448  0.0  0.0  16.905070448  0.0  0.0  10.000070448  -6.905  
0.383  16.9150652663  0.0  0.0  16.9150652663  0.0  0.0  10.0000652663  -6.915  
0.385  16.9250604415  0.0  0.0  16.9250604415  0.0  0.0  10.0000604415  -6.925  
0.387  16.935055951  0.0  0.0  16.935055951  0.0  0.0  10.000055951  -6.935  
0.389  16.9450517733  0.0  0.0  16.9450517733  0.0  0.0  10.0000517733  -6.945  
0.391  16.9550478885  0.0  0.0  16.9550478885  0.0  0.0  10.0000478885  -6.955  
0.393  16.9650442774  0.0  0.0  16.9650442774  0.0  0.0  10.0000442774  -6.965  
0.395  16.9750409223  0.0  0.0  16.9750409223  0.0  0.0  10.0000409223  -6.975  
0.397  16.9850378063  0.0  0.0  16.9850378063  0.0  0.0  10.0000378063  -6.985  
0.399  16.9950349136  0.0  0.0  16.9950349136  0.0  0.0  10.0000349136  -6.995  
0.401  17.0050322293  0.0  0.0  17.0050322293  0.0  0.0  10.0000322293  -7.005  
0.403  17.0150297395  0.0  0.0  17.0150297395  0.0  0.0  10.0000297395  -7.015  
0.405  17.025027431  0.0  0.0  17.025027431  0.0  0.0  10.000027431  -7.025  
0.407  17.0350252917  0.0  0.0  17.0350252917  0.0  0.0  10.0000252917  -7.035  
0.409  17.0450233098  0.0  0.0  17.0450233098  0.0  0.0  10.0000233098  -7.045  
0.411  17.0550214747  0.0  0.0  17.0550214747  0.0  0.0  10.0000214747  -7.055  
0.413  17.0650197761  0.0  0.0  17.0650197761  0.0  0.0  10.0000197761  -7.065  
0.415  17.0750182046  0.0  0.0  17.0750182046  0.0  0.0  10.0000182046  -7.075  
0.417  17.0850167513  0.0  0.0  17.0850167513  0.0  0.0  10.0000167513  -7.085  
0.419  17.0950154078  0.0  0.0  17.0950154078  0.0  0.0  10.0000154078  -7.095  
0.421  17.1050141664  0.0  0.0  17.1050141664  0.0  0.0  10.0000141664  -7.105  
0.423  17.1150130199  0.0  0.0  17.1150130199  0.0  0.0  10.0000130199  -7.115  
0.425  17.1250119613  0.0  0.0  17.1250119613  0.0  0.0  10.0000119613  -7.125  
0.427  17.1350109844  0.0  0.0  17.1350109844  0.0  0.0  10.0000109844  -7.135  
0.429  17.1450100832  0.0  0.0  17.1450100832  0.0  0.0  10.0000100832  -7.145  
0.431  17.1550092523  0.0  0.0  17.1550092523  0.0  0.0  10.0000092523  -7.155  
0.433  17.1650084865  0.0  0.0  17.1650084865  0.0  0.0  10.0000084865  -7.165  
0.435  17.1750077809  0.0  0.0  17.1750077809  0.0  0.0  10.0000077809  -7.175  
0.437  17.1850071312  0.0  0.0  17.1850071312  0.0  0.0  10.0000071312  -7.185  
0.439  17.1950065331  0.0  0.0  17.1950065331  0.0  0.0  10.0000065331  -7.195  
0.441  17.2050059827  0.0  0.0  17.2050059827  0.0  0.0  10.0000059827  -7.205  
0.443  17.2150054766  0.0  0.0  17.2150054766  0.0  0.0  10.0000054766  -7.215  
0.445  17.2250050112  0.0  0.0  17.2250050112  0.0  0.0  10.0000050112  -7.225  
0.447  17.2350045836  0.0  0.0  17.2350045836  0.0  0.0  10.0000045836  -7.235  
0.449  17.2450041907  0.0  0.0  17.2450041907  0.0  0.0  10.0000041907  -7.245  
0.451  17.25500383  0.0  0.0  17.25500383  0.0  0.0  10.00000383  -7.255  
0.453  17.265003499  0.0  0.0  17.265003499  0.0  0.0  10.000003499  -7.265  
0.455  17.2750031953  0.0  0.0  17.2750031953  0.0  0.0  10.0000031953  -7.275  
0.457  17.2850029168  0.0  0.0  17.2850029168  0.0  0.0  10.0000029168  -7.285  
0.459  17.2950026615  0.0  0.0  17.2950026615  0.0  0.0  10.0000026615  -7.295  
0.461  17.3050024275  0.0  0.0  17.3050024275  0.0  0.0  10.0000024275  -7.305  
0.463  17.3150022133  0.0  0.0  17.3150022133  0.0  0.0  10.0000022133  -7.315  
0.465  17.3250020171  0.0  0.0  17.3250020171  0.0  0.0  10.0000020171  -7.325  
0.467  17.3350018376  0.0  0.0  17.3350018376  0.0  0.0  10.0000018376  -7.335  
0.469  17.3450016734  0.0  0.0  17.3450016734  0.0  0.0  10.0000016734  -7.345  
0.471  17.3550015233  0.0  0.0  17.3550015233  0.0  0.0  10.0000015233  -7.355  
0.473  17.3650013861  0.0  0.0  17.3650013861  0.0  0.0  10.0000013861  -7.365  
0.475  17.3750012607  0.0  0.0  17.3750012607  0.0  0.0  10.0000012607  -7.375  
0.477  17.3850011462  0.0  0.0  17.3850011462  0.0  0.0  10.0000011462  -7.385  
0.479  17.3950010417  0.0  0.0  17.3950010417  0.0  0.0  10.0000010417  -7.395  
0.481  17.4050009464  0.0  0.0  17.4050009464  0.0  0.0  10.0000009464  -7.405  
0.483  17.4150008594  0.0  0.0  17.4150008594  0.0  0.0  10.0000008594  -7.415  
0.485  17.4250007801  0.0  0.0  17.4250007801  0.0  0.0  10.0000007801  -7.425  
0.487  17.4350007078  0.0  0.0  17.4350007078  0.0  0.0  10.0000007078  -7.435  
0.489  17.445000642  0.0  0.0  17.445000642  0.0  0.0  10.000000642  -7.445  
0.491  17.4550005821  0.0  0.0  17.4550005821  0.0  0.0  10.0000005821  -7.455  
0.493  17.4650005275  0.0  0.0  17.4650005275  0.0  0.0  10.0000005275  -7.465  
0.495  17.4750004779  0.0  0.0  17.4750004779  0.0  0.0  10.0000004779  -7.475  
0.497  17.4850004328  0.0  0.0  17.4850004328  0.0  0.0  10.0000004328  -7.485  
0.499  17.4950003918  0.0  0.0  17.4950003918  0.0  0.0  10.0000003918  -7.495  
0.501  17.5050003545  0.0  0.0  17.5050003545  0.0  0.0  10.0000003545  -7.505  
0.503  17.5150003206  0.0  0.0  17.5150003206  0.0  0.0  10.0000003206  -7.515  
0.505  17.5250002899  0.0  0.0  17.5250002899  0.0  0.0  10.0000002899  -7.525  
0.507  17.535000262  0.0  0.0  17.535000262  0.0  0.0  10.000000262  -7.535  
0.509  17.5450002367  0.0  0.0  17.5450002367  0.0  0.0  10.0000002367  -7.545  
0.511  17.5550002137  0.0  0.0  17.5550002137  0.0  0.0  10.0000002137  -7.555  
0.513  17.5650001929  0.0  0.0  17.5650001929  0.0  0.0  10.0000001929  -7.565  
0.515  17.5750001741  0.0  0.0  17.5750001741  0.0  0.0  10.0000001741  -7.575  
0.517  17.585000157  0.0  0.0  17.585000157  0.0  0.0  10.000000157  -7.585  
0.519  17.5950001415  0.0  0.0  17.5950001415  0.0  0.0  10.0000001415  -7.595  
0.521  17.6050001276  0.0  0.0  17.6050001276  0.0  0.0  10.0000001276  -7.605  
0.523  17.6150001149  0.0  0.0  17.6150001149  0.0  0.0  10.0000001149  -7.615  
0.525  17.6250001035  0.0  0.0  17.6250001035  0.0  0.0  10.0000001035  -7.625  
0.527  17.6350000932  0.0  0.0  17.6350000932  0.0  0.0  10.0000000932  -7.635  
0.529  17.6450000838  0.0  0.0  17.6450000838  0.0  0.0  10.0000000838  -7.645  
0.531  17.6550000754  0.0  0.0  17.6550000754  0.0  0.0  10.0000000754  -7.655  
0.533  17.6650000678  0.0  0.0  17.6650000678  0.0  0.0  10.0000000678  -7.665  
0.535  17.6750000609  0.0  0.0  17.6750000609  0.0  0.0  10.0000000609  -7.675  
0.537  17.6850000547  0.0  0.0  17.6850000547  0.0  0.0  10.0000000547  -7.685  
0.539  17.6950000491  0.0  0.0  17.6950000491  0.0  0.0  10.0000000491  -7.695  
0.541  17.7050000441  0.0  0.0  17.7050000441  0.0  0.0  10.0000000441  -7.705  
0.543  17.7150000396  0.0  0.0  17.7150000396  0.0  0.0  10.0000000396  -7.715  
0.545  17.7250000355  0.0  0.0  17.7250000355  0.0  0.0  10.0000000355  -7.725  
0.547  17.7350000318  0.0  0.0  17.7350000318  0.0  0.0  10.0000000318  -7.735  
0.549  17.7450000285  0.0  0.0  17.7450000285  0.0  0.0  10.0000000285  -7.745  
0.551  17.7550000255  0.0  0.0  17.7550000255  0.0  0.0  10.0000000255  -7.755  
0.553  17.7650000229  0.0  0.0  17.7650000229  0.0  0.0  10.0000000229  -7.765  
0.555  17.7750000205  0.0  0.0  17.7750000205  0.0  0.0  10.0000000205  -7.775  
0.557  17.7850000183  0.0  0.0  17.7850000183  0.0  0.0  10.0000000183  -7.785  
0.559  17.7950000164  0.0  0.0  17.7950000164  0.0  0.0  10.0000000164  -7.795  
0.561  17.8050000147  0.0  0.0  17.8050000147  0.0  0.0  10.0000000147  -7.805  
0.563  17.8150000131  0.0  0.0  17.8150000131  0.0  0.0  10.0000000131  -7.815  
0.565  17.8250000117  0.0  0.0  17.8250000117  0.0  0.0  10.0000000117  -7.825  
0.567  17.8350000104  0.0  0.0  17.8350000104  0.0  0.0  10.0000000104  -7.835  
0.569  17.8450000093  0.0  0.0  17.8450000093  0.0  0.0  10.0000000093  -7.845  
0.571  17.8550000083  0.0  0.0  17.8550000083  0.0  0.0  10.0000000083  -7.855  
0.573  17.8650000074  0.0  0.0  17.8650000074  0.0  0.0  10.0000000074  -7.865  
0.575  17.8750000066  0.0  0.0  17.8750000066  0.0  0.0  10.0000000066  -7.875  
0.577  17.8850000059  0.0  0.0  17.8850000059  0.0  0.0  10.0000000059  -7.885  
0.579  17.8950000053  0.0  0.0  17.8950000053  0.0  0.0  10.0000000053  -7.895  
0.581  17.9050000047  0.0  0.0  17.9050000047  0.0  0.0  10.0000000047  -7.905  
0.583  17.9150000042  0.0  0.0  17.9150000042  0.0  0.0  10.0000000042  -7.915  
0.585  17.9250000037  0.0  0.0  17.9250000037  0.0  0.0  10.0000000037  -7.925  
0.587  17.9350000033  0.0  0.0  17.9350000033  0.0  0.0  10.0000000033  -7.935  
0.589  17.9450000029  0.0  0.0  17.9450000029  0.0  0.0  10.0000000029  -7.945  
0.591  17.9550000026  0.0  0.0  17.9550000026  0.0  0.0  10.0000000026  -7.955  
0.593  17.9650000023  0.0  0.0  17.9650000023  0.0  0.0  10.0000000023  -7.965  
0.595  17.9750000021  0.0  0.0  17.9750000021  0.0  0.0  10.0000000021  -7.975  
0.597  17.9850000018  0.0  0.0  17.9850000018  0.0  0.0  10.0000000018  -7.985  
0.599  17.9950000016  0.0  0.0  17.9950000016  0.0  0.0  10.0000000016  -7.995  
0.601  18.0050000014  0.0  0.0  18.0050000014  0.0  0.0  10.0000000014  -8.005  
0.603  18.0150000013  0.0  0.0  18.0150000013  0.0  0.0  10.0000000013  -8.015  
0.605  18.0250000011  0.0  0.0  18.0250000011  0.0  0.0  10.0000000011  -8.025  
0.607  18.035000001  0.0  0.0  18.035000001  0.0  0.0  10.000000001  -8.035  
0.609  18.0450000009  0.0  0.0  18.0450000009  0.0  0.0  10.0000000009  -8.045  
0.611  18.0550000008  0.0  0.0  18.0550000008  0.0  0.0  10.0000000008  -8.055  
0.613  18.0650000007  0.0  0.0  18.0650000007  0.0  0.0  10.0000000007  -8.065  
0.615  18.0750000006  0.0  0.0  18.0750000006  0.0  0.0  10.0000000006  -8.075  
0.617  18.0850000005  0.0  0.0  18.0850000005  0.0  0.0  10.0000000005  -8.085  
0.619  18.0950000005  0.0  0.0  18.0950000005  0.0  0.0  10.0000000005  -8.095  
0.621  18.1050000004  0.0  0.0  18.1050000004  0.0  0.0  10.0000000004  -8.105  
0.623  18.1150000004  0.0  0.0  18.1150000004  0.0  0.0  10.0000000004  -8.115  
0.625  18.1250000003  0.0  0.0  18.1250000003  0.0  0.0  10.0000000003  -8.125  
0.627  18.1350000003  0.0  0.0  18.1350000003  0.0  0.0  10.0000000003  -8.135  
0.629  18.1450000003  0.0  0.0  18.1450000003  0.0  0.0  10.0000000003  -8.145  
0.631  18.1550000002  0.0  0.0  18.1550000002  0.0  0.0  10.0000000002  -8.155  
0.633  18.1650000002  0.0  0.0  18.1650000002  0.0  0.0  10.0000000002  -8.165  
0.635  18.1750000002  0.0  0.0  18.1750000002  0.0  0.0  10.0000000002  -8.175  
0.637  18.1850000002  0.0  0.0  18.1850000002  0.0  0.0  10.0000000002  -8.185  
0.639  18.1950000001  0.0  0.0  18.1950000001  0.0  0.0  10.0000000001  -8.195  
0.641  18.2050000001  0.0  0.0  18.2050000001  0.0  0.0  10.0000000001  -8.205  
0.643  18.2150000001  0.0  0.0  18.2150000001  0.0  0.0  10.0000000001  -8.215  
0.645  18.2250000001  0.0  0.0  18.2250000001  0.0  0.0  10.0000000001  -8.225  
0.647  18.2350000001  0.0  0.0  18.2350000001  0.0  0.0  10.0000000001  -8.235  
0.649  18.2450000001  0.0  0.0  18.2450000001  0.0  0.0  10.0000000001  -8.245  
0.651  18.2550000001  0.0  0.0  18.2550000001  0.0  0.0  10.0000000001  -8.255  
0.653  18.2650000001  0.0  0.0  18.2650000001  0.0  0.0  10.0000000001  -8.265  
0.655  18.275  0.0  0.0  18.275  0.0  0.0  10.0  -8.275  
0.657  18.285  0.0  0.0  18.285  0.0  0.0  10.0  -8.285  
0.659  18.295  0.0  0.0  18.295  0.0  0.0  10.0  -8.295  
0.661  18.305  0.0  0.0  18.305  0.0  0.0  10.0  -8.305  
0.663  18.315  0.0  0.0  18.315  0.0  0.0  10.0  -8.315  
0.665  18.325  0.0  0.0  18.325  0.0  0.0  10.0  -8.325  
0.667  18.335  0.0  0.0  18.335  0.0  0.0  10.0  -8.335  
0.669  18.345  0.0  0.0  18.345  0.0  0.0  10.0  -8.345  
0.671  18.355  0.0  0.0  18.355  0.0  0.0  10.0  -8.355  
0.673  18.365  0.0  0.0  18.365  0.0  0.0  10.0  -8.365  
0.675  18.375  0.0  0.0  18.375  0.0  0.0  10.0  -8.375  
0.677  18.385  0.0  0.0  18.385  0.0  0.0  10.0  -8.385  
0.679  18.395  0.0  0.0  18.395  0.0  0.0  10.0  -8.395  
0.681  18.405  0.0  0.0  18.405  0.0  0.0  10.0  -8.405  
0.683  18.415  0.0  0.0  18.415  0.0  0.0  10.0  -8.415  
0.685  18.425  0.0  0.0  18.425  0.0  0.0  10.0  -8.425  
0.687  18.435  0.0  0.0  18.435  0.0  0.0  10.0  -8.435  
0.689  18.445  0.0  0.0  18.445  0.0  0.0  10.0  -8.445  
0.691  18.455  0.0  0.0  18.455  0.0  0.0  10.0  -8.455  
0.693  18.465  0.0  0.0  18.465  0.0  0.0  10.0  -8.465  
0.695  18.475  0.0  0.0  18.475  0.0  0.0  10.0  -8.475  
0.697  18.485  0.0  0.0  18.485  0.0  0.0  10.0  -8.485  
0.699  18.495  0.0  0.0  18.495  0.0  0.0  10.0  -8.495  
0.701  18.505  0.0  0.0  18.505  0.0  0.0  10.0  -8.505  
0.703  18.515  0.0  0.0  18.515  0.0  0.0  10.0  -8.515  
0.705  18.525  0.0  0.0  18.525  0.0  0.0  10.0  -8.525  
0.707  18.535  0.0  0.0  18.535  0.0  0.0  10.0  -8.535  
0.709  18.545  0.0  0.0  18.545  0.0  0.0  10.0  -8.545  
0.711  18.555  0.0  0.0  18.555  0.0  0.0  10.0  -8.555  
0.713  18.565  0.0  0.0  18.565  0.0  0.0  10.0  -8.565  
0.715  18.575  0.0  0.0  18.575  0.0  0.0  10.0  -8.575  
0.717  18.585  0.0  0.0  18.585  0.0  0.0  10.0  -8.585  
0.719  18.595  0.0  0.0  18.595  0.0  0.0  10.0  -8.595  
0.721  18.605  0.0  0.0  18.605  0.0  0.0  10.0  -8.605  
0.723  18.615  0.0  0.0  18.615  0.0  0.0  10.0  -8.615  
0.725  18.625  0.0  0.0  18.625  0.0  0.0  10.0  -8.625  
0.727  18.635  0.0  0.0  18.635  0.0  0.0  10.0  -8.635  
0.729  18.645  0.0  0.0  18.645  0.0  0.0  10.0  -8.645  
0.731  18.655  0.0  0.0  18.655  0.0  0.0  10.0  -8.655  
0.733  18.665  0.0  0.0  18.665  0.0  0.0  10.0  -8.665  
0.735  18.675  0.0  0.0  18.675  0.0  0.0  10.0  -8.675  
0.737  18.685  0.0  0.0  18.685  0.0  0.0  10.0  -8.685  
0.739  18.695  0.0  0.0  18.695  0.0  0.0  10.0  -8.695  
0.741  18.705  0.0  0.0  18.705  0.0  0.0  10.0  -8.705  
0.743  18.715  0.0  0.0  18.715  0.0  0.0  10.0  -8.715  
0.745  18.725  0.0  0.0  18.725  0.0  0.0  10.0  -8.725  
0.747  18.735  0.0  0.0  18.735  0.0  0.0  10.0  -8.735  
0.749  18.745  0.0  0.0  18.745  0.0  0.0  10.0  -8.745  
0.751  18.755  0.0  0.0  18.755  0.0  0.0  10.0  -8.755  
0.753  18.765  0.0  0.0  18.765  0.0  0.0  10.0  -8.765  
0.755  18.775  0.0  0.0  18.775  0.0  0.0  10.0  -8.775  
0.757  18.785  0.0  0.0  18.785  0.0  0.0  10.0  -8.785  
0.759  18.795  0.0  0.0  18.795  0.0  0.0  10.0  -8.795  
0.761  18.805  0.0  0.0  18.805  0.0  0.0  10.0  -8.805  
0.763  18.815  0.0  0.0  18.815  0.0  0.0  10.0  -8.815  
0.765  18.825  0.0  0.0  18.825  0.0  0.0  10.0  -8.825  
0.767  18.835  0.0  0.0  18.835  0.0  0.0  10.0  -8.835  
0.769  18.845  0.0  0.0  18.845  0.0  0.0  10.0  -8.845  
0.771  18.855  0.0  0.0  18.855  0.0  0.0  10.0  -8.855  
0.773  18.865  0.0  0.0  18.865  0.0  0.0  10.0  -8.865  
0.775  18.875  0.0  0.0  18.875  0.0  0.0  10.0  -8.875  
0.777  18.885  0.0  0.0  18.885  0.0  0.0  10.0  -8.885  
0.779  18.895  0.0  0.0  18.895  0.0  0.0  10.0  -8.895  
0.781  18.905  0.0  0.0  18.905  0.0  0.0  10.0  -8.905  
0.783  18.915  0.0  0.0  18.915  0.0  0.0  10.0  -8.915  
0.785  18.925  0.0  0.0  18.925  0.0  0.0  10.0  -8.925  
0.787  18.935  0.0  0.0  18.935  0.0  0.0  10.0  -8.935  
0.789  18.945  0.0  0.0  18.945  0.0  0.0  10.0  -8.945  
0.791  18.955  0.0  0.0  18.955  0.0  0.0  10.0  -8.955  
0.793  18.965  0.0  0.0  18.965  0.0  0.0  10.0  -8.965  
0.795  18.975  0.0  0.0  18.975  0.0  0.0  10.0  -8.975  
0.797  18.985  0.0  0.0  18.985  0.0  0.0  10.0  -8.985  
0.799  18.995  0.0  0.0  18.995  0.0  0.0  10.0  -8.995  
0.801  19.005  0.0  0.0  19.005  0.0  0.0  10.0  -9.005  
0.803  19.015  0.0  0.0  19.015  0.0  0.0  10.0  -9.015  
0.805  19.025  0.0  0.0  19.025  0.0  0.0  10.0  -9.025  
0.807  19.035  0.0  0.0  19.035  0.0  0.0  10.0  -9.035  
0.809  19.045  0.0  0.0  19.045  0.0  0.0  10.0  -9.045  
0.811  19.055  0.0  0.0  19.055  0.0  0.0  10.0  -9.055  
0.813  19.065  0.0  0.0  19.065  0.0  0.0  10.0  -9.065  
0.815  19.075  0.0  0.0  19.075  0.0  0.0  10.0  -9.075  
0.817  19.085  0.0  0.0  19.085  0.0  0.0  10.0  -9.085  
0.819  19.095  0.0  0.0  19.095  0.0  0.0  10.0  -9.095  
0.821  19.105  0.0  0.0  19.105  0.0  0.0  10.0  -9.105  
0.823  19.115  0.0  0.0  19.115  0.0  0.0  10.0  -9.115  
0.825  19.125  0.0  0.0  19.125  0.0  0.0  10.0  -9.125  
0.827  19.135  0.0  0.0  19.135  0.0  0.0  10.0  -9.135  
0.829  19.145  0.0  0.0  19.145  0.0  0.0  10.0  -9.145  
0.831  19.155  0.0  0.0  19.155  0.0  0.0  10.0  -9.155  
0.833  19.165  0.0  0.0  19.165  0.0  0.0  10.0  -9.165  
0.835  19.175  0.0  0.0  19.175  0.0  0.0  10.0  -9.175  
0.837  19.185  0.0  0.0  19.185  0.0  0.0  10.0  -9.185  
0.839  19.195  0.0  0.0  19.195  0.0  0.0  10.0  -9.195  
0.841  19.205  0.0  0.0  19.205  0.0  0.0  10.0  -9.205  
0.843  19.215  0.0  0.0  19.215  0.0  0.0  10.0  -9.215  
0.845  19.225  0.0  0.0  19.225  0.0  0.0  10.0  -9.225  
0.847  19.235  0.0  0.0  19.235  0.0  0.0  10.0  -9.235  
0.849  19.245  0.0  0.0  19.245  0.0  0.0  10.0  -9.245  
0.851  19.255  0.0  0.0  19.255  0.0  0.0  10.0  -9.255  
0.853  19.265  0.0  0.0  19.265  0.0  0.0  10.0  -9.265  
0.855  19.275  0.0  0.0  19.275  0.0  0.0  10.0  -9.275  
0.857  19.285  0.0  0.0  19.285  0.0  0.0  10.0  -9.285  
0.859  19.295  0.0  0.0  19.295  0.0  0.0  10.0  -9.295  
0.861  19.305  0.0  0.0  19.305  0.0  0.0  10.0  -9.305  
0.863  19.315  0.0  0.0  19.315  0.0  0.0  10.0  -9.315  
0.865  19.325  0.0  0.0  19.325  0.0  0.0  10.0  -9.325  
0.867  19.335  0.0  0.0  19.335  0.0  0.0  10.0  -9.335  
0.869  19.345  0.0  0.0  19.345  0.0  0.0  10.0  -9.345  
0.871  19.355  0.0  0.0  19.355  0.0  0.0  10.0  -9.355  
0.873  19.365  0.0  0.0  19.365  0.0  0.0  10.0  -9.365  
0.875  19.375  0.0  0.0  19.375  0.0  0.0  10.0  -9.375  
0.877  19.385  0.0  0.0  19.385  0.0  0.0  10.0  -9.385  
0.879  19.395  0.0  0.0  19.395  0.0  0.0  10.0  -9.395  
0.881  19.405  0.0  0.0  19.405  0.0  0.0  10.0  -9.405  
0.883  19.415  0.0  0.0  19.415  0.0  0.0  10.0  -9.415  
0.885  19.425  0.0  0.0  19.425  0.0  0.0  10.0  -9.425  
0.887  19.435  0.0  0.0  19.435  0.0  0.0  10.0  -9.435  
0.889  19.445  0.0  0.0  19.445  0.0  0.0  10.0  -9.445  
0.891  19.455  0.0  0.0  19.455  0.0  0.0  10.0  -9.455  
0.893  19.465  0.0  0.0  19.465  0.0  0.0  10.0  -9.465  
0.895  19.475  0.0  0.0  19.475  0.0  0.0  10.0  -9.475  
0.897  19.485  0.0  0.0  19.485  0.0  0.0  10.0  -9.485  
0.899  19.495  0.0  0.0  19.495  0.0  0.0  10.0  -9.495  
0.901  19.505  0.0  0.0  19.505  0.0  0.0  10.0  -9.505  
0.903  19.515  0.0  0.0  19.515  0.0  0.0  10.0  -9.515  
0.905  19.525  0.0  0.0  19.525  0.0  0.0  10.0  -9.525  
0.907  19.535  0.0  0.0  19.535  0.0  0.0  10.0  -9.535  
0.909  19.545  0.0  0.0  19.545  0.0  0.0  10.0  -9.545  
0.911  19.555  0.0  0.0  19.555  0.0  0.0  10.0  -9.555  
0.913  19.565  0.0  0.0  19.565  0.0  0.0  10.0  -9.565  
0.915  19.575  0.0  0.0  19.575  0.0  0.0  10.0  -9.575  
0.917  19.585  0.0  0.0  19.585  0.0  0.0  10.0  -9.585  
0.919  19.595  0.0  0.0  19.595  0.0  0.0  10.0  -9.595  
0.921  19.605  0.0  0.0  19.605  0.0  0.0  10.0  -9.605  
0.923  19.615  0.0  0.0  19.615  0.0  0.0  10.0  -9.615  
0.925  19.625  0.0  0.0  19.625  0.0  0.0  10.0  -9.625  
0.927  19.635  0.0  0.0  19.635  0.0  0.0  10.0  -9.635  
0.929  19.645  0.0  0.0  19.645  0.0  0.0  10.0  -9.645  
0.931  19.655  0.0  0.0  19.655  0.0  0.0  10.0  -9.655  
0.933  19.665  0.0  0.0  19.665  0.0  0.0  10.0  -9.665  
0.935  19.675  0.0  0.0  19.675  0.0  0.0  10.0  -9.675  
0.937  19.685  0.0  0.0  19.685  0.0  0.0  10.0  -9.685  
0.939  19.695  0.0  0.0  19.695  0.0  0.0  10.0  -9.695  
0.941  19.705  0.0  0.0  19.705  0.0  0.0  10.0  -9.705  
0.943  19.715  0.0  0.0  19.715  0.0  0.0  10.0  -9.715  
0.945  19.725  0.0  0.0  19.725  0.0  0.0  10.0  -9.725  
0.947  19.735  0.0  0.0  19.735  0.0  0.0  10.0  -9.735  
0.949  19.745  0.0  0.0  19.745  0.0  0.0  10.0  -9.745  
0.951  19.755  0.0  0.0  19.755  0.0  0.0  10.0  -9.755  
0.953  19.765  0.0  0.0  19.765  0.0  0.0  10.0  -9.765  
0.955  19.775  0.0  0.0  19.775  0.0  0.0  10.0  -9.775  
0.957  19.785  0.0  0.0  19.785  0.0  0.0  10.0  -9.785  
0.959  19.795  0.0  0.0  19.795  0.0  0.0  10.0  -9.795  
0.961  19.805  0.0  0.0  19.805  0.0  0.0  10.0  -9.805  
0.963  19.815  0.0  0.0  19.815  0.0  0.0  10.0  -9.815  
0.965  19.825  0.0  0.0  19.825  0.0  0.0  10.0  -9.825  
0.967  19.835  0.0  0.0  19.835  0.0  0.0  10.0  -9.835  
0.969  19.845  0.0  0.0  19.845  0.0  0.0  10.0  -9.845  
0.971  19.855  0.0  0.0  19.855  0.0  0.0  10.0  -9.855  
0.973  19.865  0.0  0.0  19.865  0.0  0.0  10.0  -9.865  
0.975  19.875  0.0  0.0  19.875  0.0  0.0  10.0  -9.875  
0.977  19.885  0.0  0.0  19.885  0.0  0.0  10.0  -9.885  
0.979  19.895  0.0  0.0  19.895  0.0  0.0  10.0  -9.895  
0.981  19.905  0.0  0.0  19.905  0.0  0.0  10.0  -9.905  
0.983  19.915  0.0  0.0  19.915  0.0  0.0  10.0  -9.915  
0.985  19.925  0.0  0.0  19.925  0.0  0.0  10.0  -9.925  
0.987  19.935  0.0  0.0  19.935  0.0  0.0  10.0  -9.935  
0.989  19.945  0.0  0.0  19.945  0.0  0.0  10.0  -9.945  
0.991  19.955  0.0  0.0  19.955  0.0  0.0  10.0  -9.955  
0.993  19.965  0.0  0.0  19.965  0.0  0.0  10.0  -9.965  
0.995  19.975  0.0  0.0  19.975  0.0  0.0  10.0  -9.975  
0.997  19.985  0.0  0.0  19.985  0.0  0.0  10.0  -9.985  
0.999  19.995  0.0  0.0  19.995  0.0  0.0  10.0  -9.995  
1.001  20.005  0.0  0.0  20.005  0.0  0.0  10.0  -10.005  
1.003  20.015  0.0  0.0  20.015  0.0  0.0  10.0  -10.015  
